Biomass_Times;Biomass_normed_mean;Biomass_normed_std;;
0,180833333333333;0,206771599393073;0;;
11,9052777777778;1,35488978673671;0;;
13,0405555555556;2,03232194240561;0;;
15,3711111111111;2,25859910391176;0,152951707169149;;
17,8961111111111;2,22867846550984;0,113070038101987;;
20,5269444444444;2,50929505725014;0,0518055343351669;;
23,3513888888889;2,55381860568515;0,0416178023248185;;
26,0022222222222;3,19662195567595;0,0943998958502761;;
28,5883333333333;4,39893294944862;0,08453205111956;;
31,2033333333333;5,10893011210648;0,297177100411611;;
33,7980555555556;5,52994264829783;0,0106365452463353;;
36,3658333333333;6,31101943689003;0,0853058951498217;;
39,0038888888889;6,79314797497194;0,149566269628888;;
41,7791666666667;7,07832331381901;0,0748330805551748;;
44,4425;7,23768318442559;0,171330012306201;;
47,1480555555556;7,19053971833839;0,0321590474332524;;

DOT_Times;DOT;;;
-0,0241666666666667;91,449996948242;;;
-0,0075;90,830001831055;;;
0,00916666666666667;90,830001831055;;;
0,0269444444444444;98,5;;;
0,0447222222222222;97,51000213623;;;
0,0625;97,080001831055;;;
0,08;96,589996337891;;;
0,0977777777777778;96,800003051758;;;
0,115277777777778;96,709999084473;;;
0,133055555555556;95,889999389648;;;
0,149722222222222;96,080001831055;;;
0,166388888888889;96,300003051758;;;
0,184166666666667;95,529998779297;;;
0,201666666666667;95,269996643066;;;
0,219444444444444;96,400001525879;;;
0,236111111111111;96,019996643066;;;
0,252777777777778;95,410003662109;;;
0,270277777777778;94,980003356934;;;
0,288055555555556;95,279998779297;;;
0,305833333333333;94,800003051758;;;
0,3225;93,959999084473;;;
0,34;94,699996948242;;;
0,357777777777778;94,599998474121;;;
0,375277777777778;94,889999389648;;;
0,393055555555556;94,400001525879;;;
0,410555555555556;94,089996337891;;;
0,428333333333333;94,169998168945;;;
0,445;94,680000305176;;;
0,461666666666667;94,339996337891;;;
0,478333333333333;94,069999694824;;;
0,495833333333333;93,879997253418;;;
0,513611111111111;94,040000915527;;;
0,531388888888889;94,349998474121;;;
0,548888888888889;94,669998168945;;;
0,566666666666667;93,910003662109;;;
0,584166666666667;94,199996948242;;;
0,600833333333333;94,129997253418;;;
0,6175;95,470001220703;;;
0,634166666666667;95,279998779297;;;
0,651944444444444;95,660003662109;;;
0,669444444444444;95,949996948242;;;
0,687222222222222;98,440002441406;;;
0,704722222222222;98,720001220703;;;
0,7225;99,300003051758;;;
0,74;98,419998168945;;;
0,757777777777778;99,330001831055;;;
0,774444444444444;99,580001831055;;;
0,791944444444445;99,330001831055;;;
0,809722222222222;99,930000305176;;;
0,827222222222222;99,480003356934;;;
0,845;99,279998779297;;;
0,915555555555556;100,029998779297;;;
0,932222222222222;99,849998474121;;;
0,948888888888889;99,73999786377;;;
0,965555555555556;100,209999084473;;;
0,982222222222222;99,519996643066;;;
0,998888888888889;99,430000305176;;;
1,01555555555556;100,080001831055;;;
1,03222222222222;99,75;;;
1,04888888888889;100,089996337891;;;
1,06555555555556;99,5;;;
1,08222222222222;99,889999389648;;;
1,1;100,349998474121;;;
1,1175;99,580001831055;;;
1,13527777777778;100,160003662109;;;
1,15277777777778;99,190002441406;;;
1,17055555555556;99,459999084473;;;
1,18805555555556;98,809997558594;;;
1,20583333333333;99,339996337891;;;
1,22333333333333;98,970001220703;;;
1,24111111111111;99,48999786377;;;
1,25861111111111;99,190002441406;;;
1,27638888888889;98,870002746582;;;
1,29388888888889;98,800003051758;;;
1,31166666666667;98,910003662109;;;
1,32916666666667;99,269996643066;;;
1,34694444444444;98,870002746582;;;
1,36444444444444;98,970001220703;;;
1,38222222222222;98,870002746582;;;
1,4;99,099998474121;;;
1,4175;99,160003662109;;;
1,43527777777778;98,98999786377;;;
1,45277777777778;99;;;
1,47055555555556;99,300003051758;;;
1,48805555555556;99,430000305176;;;
1,50583333333333;99,480003356934;;;
1,52333333333333;99,110000610352;;;
1,54111111111111;98,879997253418;;;
1,55861111111111;99,209999084473;;;
1,57638888888889;99,059997558594;;;
1,59388888888889;99,440002441406;;;
1,61166666666667;99,25;;;
1,62916666666667;99,269996643066;;;
1,64694444444444;99,769996643066;;;
1,66444444444444;98,98999786377;;;
1,68222222222222;99,480003356934;;;
1,69972222222222;99,059997558594;;;
1,7175;99,220001220703;;;
1,735;99,330001831055;;;
1,75277777777778;99,019996643066;;;
1,77055555555556;99,360000610352;;;
1,78805555555556;99,220001220703;;;
1,80583333333333;99,349998474121;;;
1,82333333333333;99,440002441406;;;
1,84111111111111;98,650001525879;;;
1,85861111111111;99,599998474121;;;
1,87638888888889;98,949996948242;;;
1,89388888888889;99,209999084473;;;
1,91166666666667;99,389999389648;;;
1,92916666666667;99,580001831055;;;
1,94583333333333;99,269996643066;;;
1,9625;99,129997253418;;;
1,98027777777778;99,089996337891;;;
1,99777777777778;99,099998474121;;;
2,01555555555556;99,220001220703;;;
2,03305555555556;99,269996643066;;;
2,05083333333333;99,5;;;
2,06833333333333;99,23999786377;;;
2,08611111111111;99,209999084473;;;
2,10388888888889;99,23999786377;;;
2,12138888888889;99,680000305176;;;
2,13916666666667;99,51000213623;;;
2,15666666666667;99,26000213623;;;
2,17444444444444;98,730003356934;;;
2,19194444444444;98,940002441406;;;
2,20972222222222;99,059997558594;;;
2,22722222222222;99,230003356934;;;
2,245;99,720001220703;;;
2,2625;97,730003356934;;;
2,28027777777778;98,709999084473;;;
2,29777777777778;99,26000213623;;;
2,31555555555556;98,870002746582;;;
2,33305555555556;99,349998474121;;;
2,35083333333333;99,190002441406;;;
2,36833333333333;99,669998168945;;;
2,38611111111111;99,160003662109;;;
2,40361111111111;99,330001831055;;;
2,42138888888889;99,029998779297;;;
2,43916666666667;98,839996337891;;;
2,45666666666667;99,190002441406;;;
2,47333333333333;98,830001831055;;;
2,49;98,73999786377;;;
2,50777777777778;99,019996643066;;;
2,52527777777778;98,529998779297;;;
2,54305555555556;99,769996643066;;;
2,56055555555556;98,860000610352;;;
2,57722222222222;99,870002746582;;;
2,595;99,379997253418;;;
2,6125;99,900001525879;;;
2,63027777777778;99,419998168945;;;
2,64777777777778;99,559997558594;;;
2,66555555555556;99,339996337891;;;
2,68305555555556;98,919998168945;;;
2,70083333333333;99,900001525879;;;
2,71833333333333;99,690002441406;;;
2,73611111111111;99,209999084473;;;
2,75361111111111;99,160003662109;;;
2,77138888888889;99,76000213623;;;
2,78888888888889;99,419998168945;;;
2,80666666666667;99,550003051758;;;
2,82416666666667;99,879997253418;;;
2,84194444444444;99,209999084473;;;
2,85972222222222;99,779998779297;;;
2,87722222222222;100,459999084473;;;
2,895;99,300003051758;;;
2,9125;100,199996948242;;;
2,93027777777778;99,330001831055;;;
2,94777777777778;99,529998779297;;;
2,96555555555556;99,309997558594;;;
2,98305555555556;99,25;;;
3,00083333333333;99,650001525879;;;
3,01833333333333;98,959999084473;;;
3,03611111111111;99,470001220703;;;
3,05361111111111;98,900001525879;;;
3,07138888888889;99,559997558594;;;
3,08888888888889;99,360000610352;;;
3,10666666666667;99,309997558594;;;
3,12416666666667;98,819999694824;;;
3,14194444444444;99,150001525879;;;
3,15944444444444;99,470001220703;;;
3,17722222222222;99,230003356934;;;
3,195;99,230003356934;;;
3,2125;99,769996643066;;;
3,23027777777778;98,860000610352;;;
3,24777777777778;98,980003356934;;;
3,26555555555556;99,129997253418;;;
3,28305555555556;98,910003662109;;;
3,30083333333333;99,75;;;
3,31833333333333;99,379997253418;;;
3,33611111111111;99,669998168945;;;
3,35361111111111;99,889999389648;;;
3,37138888888889;99,059997558594;;;
3,38888888888889;99,220001220703;;;
3,40666666666667;99,790000915527;;;
3,42416666666667;99,660003662109;;;
3,44194444444444;99,629997253418;;;
3,45944444444444;99,709999084473;;;
3,47722222222222;99,309997558594;;;
3,49472222222222;99,48999786377;;;
3,5125;99,379997253418;;;
3,53;99,660003662109;;;
3,54777777777778;99,23999786377;;;
3,56555555555556;99,48999786377;;;
3,58305555555556;99,23999786377;;;
3,60083333333333;99,459999084473;;;
3,61833333333333;99,680000305176;;;
3,63611111111111;98,419998168945;;;
3,65361111111111;99,059997558594;;;
3,67138888888889;99,349998474121;;;
3,68888888888889;98,98999786377;;;
3,70666666666667;99,480003356934;;;
3,72416666666667;99,080001831055;;;
3,74194444444444;98,919998168945;;;
3,75944444444444;98,919998168945;;;
3,77722222222222;99;;;
3,79472222222222;99,800003051758;;;
3,8125;98,779998779297;;;
3,83;99,050003051758;;;
3,84777777777778;98,98999786377;;;
3,86527777777778;99,029998779297;;;
3,88305555555556;99,209999084473;;;
3,90083333333333;99,099998474121;;;
3,91833333333333;98,610000610352;;;
3,93611111111111;99,169998168945;;;
3,95361111111111;99,199996948242;;;
3,97138888888889;99,529998779297;;;
3,98888888888889;99,160003662109;;;
4,00666666666667;98,870002746582;;;
4,02416666666667;98,449996948242;;;
4,04194444444444;98,720001220703;;;
4,05944444444444;98,980003356934;;;
4,07722222222222;99,370002746582;;;
4,09472222222222;98,5;;;
4,1125;98,76000213623;;;
4,13;98,779998779297;;;
4,14777777777778;98,940002441406;;;
4,16527777777778;99,419998168945;;;
4,18305555555556;99,169998168945;;;
4,20055555555556;99,160003662109;;;
4,21833333333333;99,26000213623;;;
4,23611111111111;99,26000213623;;;
4,25361111111111;99,01000213623;;;
4,27138888888889;98,650001525879;;;
4,28888888888889;98,73999786377;;;
4,30666666666667;98,970001220703;;;
4,32416666666667;99,080001831055;;;
4,34194444444445;99,389999389648;;;
4,35944444444444;99,059997558594;;;
4,37722222222222;99,540000915527;;;
4,39472222222222;99,089996337891;;;
4,4125;98,98999786377;;;
4,43;99,230003356934;;;
4,44777777777778;99,550003051758;;;
4,46527777777778;98,669998168945;;;
4,48305555555556;99,339996337891;;;
4,50055555555556;99,309997558594;;;
4,51833333333333;98,910003662109;;;
4,53583333333333;99,120002746582;;;
4,55361111111111;99,319999694824;;;
4,57111111111111;99,449996948242;;;
4,58888888888889;98,709999084473;;;
4,60666666666667;99,139999389648;;;
4,62416666666667;98,930000305176;;;
4,65027777777778;98,790000915527;;;
4,65944444444444;98,779998779297;;;
4,67722222222222;98,870002746582;;;
4,69472222222222;99,169998168945;;;
4,7125;99,519996643066;;;
4,73;99,160003662109;;;
4,74777777777778;98,930000305176;;;
4,76527777777778;98,790000915527;;;
4,78305555555556;99,370002746582;;;
4,80055555555556;98,910003662109;;;
4,81833333333333;99,099998474121;;;
4,835;99,099998474121;;;
4,85166666666667;98,980003356934;;;
4,86916666666667;99,51000213623;;;
4,88694444444444;99,410003662109;;;
4,90444444444444;99,25;;;
4,92222222222222;99,339996337891;;;
4,93972222222222;98,720001220703;;;
4,9575;99,379997253418;;;
4,97527777777778;99,169998168945;;;
4,99277777777778;98,550003051758;;;
5,01055555555556;98,610000610352;;;
5,02805555555556;98,580001831055;;;
5,04472222222222;99,480003356934;;;
5,06138888888889;98,730003356934;;;
5,07916666666667;99,089996337891;;;
5,09666666666667;99,290000915527;;;
5,11444444444444;98,470001220703;;;
5,13194444444444;99,25;;;
5,14972222222222;98,330001831055;;;
5,16722222222222;99,26000213623;;;
5,185;98,809997558594;;;
5,2025;98,599998474121;;;
5,22027777777778;98,529998779297;;;
5,23777777777778;99,389999389648;;;
5,25555555555556;99,209999084473;;;
5,27305555555556;98,26000213623;;;
5,29083333333333;99,199996948242;;;
5,30833333333333;98,860000610352;;;
5,32611111111111;99,089996337891;;;
5,34388888888889;99,069999694824;;;
5,36138888888889;98,639999389648;;;
5,37916666666667;99,139999389648;;;
5,39666666666667;98,819999694824;;;
5,41444444444444;99,400001525879;;;
5,43194444444444;98,620002746582;;;
5,44972222222222;98,830001831055;;;
5,46722222222222;98,5;;;
5,485;99,120002746582;;;
5,5025;98,949996948242;;;
5,52027777777778;99,139999389648;;;
5,53777777777778;98,910003662109;;;
5,55555555555556;98,830001831055;;;
5,57305555555556;99,349998474121;;;
5,59083333333333;98,540000915527;;;
5,60833333333333;98,720001220703;;;
5,62611111111111;99,230003356934;;;
5,64361111111111;98,709999084473;;;
5,66138888888889;98,650001525879;;;
5,67916666666667;98,360000610352;;;
5,69666666666667;99,139999389648;;;
5,71444444444444;99,279998779297;;;
5,73194444444444;98,559997558594;;;
5,74972222222222;98,849998474121;;;
5,76722222222222;98,98999786377;;;
5,785;98,620002746582;;;
5,8025;98,660003662109;;;
5,82027777777778;98,889999389648;;;
5,83777777777778;98,949996948242;;;
5,85555555555556;99,480003356934;;;
5,87305555555556;99,139999389648;;;
5,89083333333333;98,599998474121;;;
5,90833333333333;99,129997253418;;;
5,92611111111111;99,01000213623;;;
5,94361111111111;98,550003051758;;;
5,96138888888889;98,819999694824;;;
5,97888888888889;99,040000915527;;;
5,99666666666667;98,940002441406;;;
6,01444444444444;99,080001831055;;;
6,03194444444444;98,389999389648;;;
6,04972222222222;98,699996948242;;;
6,06722222222222;98,819999694824;;;
6,085;98,790000915527;;;
6,1025;98,959999084473;;;
6,12027777777778;99,400001525879;;;
6,13777777777778;98,629997253418;;;
6,15555555555556;98,650001525879;;;
6,17305555555556;98,449996948242;;;
6,19083333333333;98,639999389648;;;
6,20833333333333;98,790000915527;;;
6,22611111111111;98,620002746582;;;
6,24361111111111;98,620002746582;;;
6,26138888888889;98,690002441406;;;
6,27888888888889;98,559997558594;;;
6,29666666666667;98,279998779297;;;
6,31416666666667;98,680000305176;;;
6,33194444444444;98,550003051758;;;
6,34972222222222;98,809997558594;;;
6,36722222222222;98,75;;;
6,385;98,589996337891;;;
6,4025;98,580001831055;;;
6,42027777777778;99,089996337891;;;
6,43777777777778;98,980003356934;;;
6,45555555555556;98,900001525879;;;
6,47305555555555;99,069999694824;;;
6,49083333333333;98,180000305176;;;
6,50833333333333;99,120002746582;;;
6,52611111111111;98,75;;;
6,54361111111111;99;;;
6,56138888888889;98,849998474121;;;
6,57888888888889;99,019996643066;;;
6,59666666666667;98,919998168945;;;
6,61416666666667;99,01000213623;;;
6,63194444444444;98,01000213623;;;
6,64944444444444;98,910003662109;;;
6,66722222222222;99,089996337891;;;
6,68472222222222;98,410003662109;;;
6,7025;98,339996337891;;;
6,72027777777778;98,080001831055;;;
6,73777777777778;98,879997253418;;;
6,75555555555556;99,25;;;
6,77305555555556;99,059997558594;;;
6,79083333333333;98,769996643066;;;
6,80833333333333;98,959999084473;;;
6,82611111111111;98,870002746582;;;
6,84361111111111;98,160003662109;;;
6,86138888888889;98,01000213623;;;
6,87888888888889;98,599998474121;;;
6,89666666666667;98,5;;;
6,91416666666667;98,730003356934;;;
6,93194444444444;98,769996643066;;;
6,94944444444445;98,589996337891;;;
6,96722222222222;98,110000610352;;;
6,98388888888889;98,220001220703;;;
7,00055555555556;98,73999786377;;;
7,01805555555556;98,349998474121;;;
7,03583333333333;98,209999084473;;;
7,05333333333334;98,650001525879;;;
7,07111111111111;98,349998474121;;;
7,08888888888889;98,48999786377;;;
7,10638888888889;98,379997253418;;;
7,12416666666667;98,819999694824;;;
7,14166666666667;98,629997253418;;;
7,15944444444444;98,360000610352;;;
7,17694444444444;98,319999694824;;;
7,19472222222222;97,879997253418;;;
7,21222222222222;98,559997558594;;;
7,23;98,949996948242;;;
7,2475;98,589996337891;;;
7,26527777777778;98,129997253418;;;
7,28277777777778;98,190002441406;;;
7,30055555555556;98,269996643066;;;
7,31722222222222;97,860000610352;;;
7,33472222222222;98,349998474121;;;
7,3525;98,080001831055;;;
7,37;98,339996337891;;;
7,38777777777778;97,629997253418;;;
7,40444444444444;98,419998168945;;;
7,42111111111111;98,25;;;
7,43861111111111;97,849998474121;;;
7,45638888888889;98,129997253418;;;
7,47416666666667;98,610000610352;;;
7,49166666666667;97,889999389648;;;
7,50944444444444;97,800003051758;;;
7,52694444444444;98,080001831055;;;
7,54472222222222;97,98999786377;;;
7,56222222222222;97,959999084473;;;
7,58;98,129997253418;;;
7,5975;97,949996948242;;;
7,61527777777778;97,48999786377;;;
7,63277777777778;98,370002746582;;;
7,65055555555556;97,879997253418;;;
7,66805555555556;97,819999694824;;;
7,68583333333333;97,970001220703;;;
7,70333333333333;97,900001525879;;;
7,72111111111111;97,879997253418;;;
7,73861111111111;97,569999694824;;;
7,75638888888889;98,089996337891;;;
7,77388888888889;97,660003662109;;;
7,79055555555556;97,75;;;
7,80722222222222;97,379997253418;;;
7,82388888888889;97,830001831055;;;
7,84055555555556;98,419998168945;;;
7,85722222222222;97,370002746582;;;
7,87388888888889;97,709999084473;;;
7,89166666666667;97,75;;;
7,90916666666667;97,699996948242;;;
7,92694444444445;97,23999786377;;;
7,94472222222222;97,980003356934;;;
7,96222222222222;97,919998168945;;;
7,98;97,870002746582;;;
7,9975;97,550003051758;;;
8,01527777777778;98,230003356934;;;
8,03277777777778;97,940002441406;;;
8,05055555555555;97,550003051758;;;
8,06805555555555;98,160003662109;;;
8,08583333333334;97,779998779297;;;
8,10333333333333;97,629997253418;;;
8,12111111111111;98;;;
8,13861111111111;98;;;
8,15638888888889;97,730003356934;;;
8,17388888888889;98,209999084473;;;
8,19166666666667;97,410003662109;;;
8,20916666666666;97,370002746582;;;
8,22694444444445;98,209999084473;;;
8,24444444444444;97,26000213623;;;
8,26222222222222;97,470001220703;;;
8,28;97,51000213623;;;
8,2975;97,620002746582;;;
8,31527777777778;97,639999389648;;;
8,33277777777778;98,120002746582;;;
8,35055555555556;97,959999084473;;;
8,36805555555556;97,860000610352;;;
8,38583333333333;97,860000610352;;;
8,40333333333333;97,389999389648;;;
8,42111111111111;97,339996337891;;;
8,43861111111111;97,690002441406;;;
8,45638888888889;97,910003662109;;;
8,47388888888889;97,669998168945;;;
8,49166666666667;98,400001525879;;;
8,50916666666667;97,629997253418;;;
8,52694444444444;97,519996643066;;;
8,54444444444444;97,839996337891;;;
8,56222222222222;97,26000213623;;;
8,58055555555556;97,360000610352;;;
8,59833333333333;97,680000305176;;;
8,61583333333333;97,720001220703;;;
8,63361111111111;97,650001525879;;;
8,65111111111111;97,669998168945;;;
8,66888888888889;97,690002441406;;;
8,68694444444444;97,5;;;
8,70444444444444;97,879997253418;;;
8,72222222222222;97,309997558594;;;
8,74;97,569999694824;;;
8,7575;97,199996948242;;;
8,77527777777778;97,769996643066;;;
8,79277777777778;97,269996643066;;;
8,81055555555556;97,220001220703;;;
8,82805555555556;97,339996337891;;;
8,84583333333333;97,180000305176;;;
8,86333333333333;97,5;;;
8,88111111111111;97,370002746582;;;
8,89861111111111;97,269996643066;;;
8,91638888888889;97,379997253418;;;
8,93388888888889;97,48999786377;;;
8,95166666666667;96,430000305176;;;
8,96916666666667;96,809997558594;;;
8,98694444444445;97,349998474121;;;
9,00444444444445;97,139999389648;;;
9,02222222222222;97,279998779297;;;
9,03972222222222;97,419998168945;;;
9,0575;96,849998474121;;;
9,075;97,169998168945;;;
9,09277777777778;96,889999389648;;;
9,11027777777778;97,319999694824;;;
9,12805555555555;96,949996948242;;;
9,14583333333333;97,279998779297;;;
9,16333333333333;96,860000610352;;;
9,18111111111111;97,569999694824;;;
9,19861111111111;96,379997253418;;;
9,21638888888889;97,370002746582;;;
9,23388888888889;96,879997253418;;;
9,25166666666667;97,519996643066;;;
9,26916666666667;96,73999786377;;;
9,28694444444444;97,059997558594;;;
9,30444444444444;96,949996948242;;;
9,32222222222222;96,970001220703;;;
9,33972222222222;96,680000305176;;;
9,3575;96,949996948242;;;
9,375;97;;;
9,39277777777778;97,379997253418;;;
9,41027777777778;96,589996337891;;;
9,42805555555556;96,919998168945;;;
9,44555555555556;97,110000610352;;;
9,46333333333333;96,889999389648;;;
9,48111111111111;95,889999389648;;;
9,49861111111111;96,129997253418;;;
9,51638888888889;96,709999084473;;;
9,53388888888889;97,080001831055;;;
9,55166666666667;97,339996337891;;;
9,56916666666667;97,230003356934;;;
9,58694444444444;96,419998168945;;;
9,60444444444444;96,370002746582;;;
9,62222222222222;95,98999786377;;;
9,63972222222222;96,430000305176;;;
9,6575;96,48999786377;;;
9,67416666666667;96,370002746582;;;
9,69083333333333;95,730003356934;;;
9,70833333333333;96,470001220703;;;
9,72611111111111;96,599998474121;;;
9,74361111111111;96,169998168945;;;
9,76138888888889;96,980003356934;;;
9,77888888888889;96,110000610352;;;
9,79666666666667;96,519996643066;;;
9,81416666666667;96,330001831055;;;
9,83194444444444;96,440002441406;;;
9,84972222222222;96,540000915527;;;
9,86722222222222;96,360000610352;;;
9,885;96,25;;;
9,9025;96,050003051758;;;
9,92027777777778;96,209999084473;;;
9,93777777777778;95,849998474121;;;
9,95555555555555;95,98999786377;;;
9,97305555555555;96,339996337891;;;
9,99083333333333;95,830001831055;;;
10,0083333333333;95,449996948242;;;
10,0261111111111;95,459999084473;;;
10,0436111111111;96,430000305176;;;
10,0613888888889;95,680000305176;;;
10,0788888888889;96,180000305176;;;
10,0966666666667;95,940002441406;;;
10,1141666666667;95,830001831055;;;
10,1319444444444;95,940002441406;;;
10,1494444444444;95,819999694824;;;
10,1672222222222;95,349998474121;;;
10,1847222222222;95,150001525879;;;
10,2025;95,540000915527;;;
10,22;95,720001220703;;;
10,2377777777778;96,01000213623;;;
10,2555555555556;95,529998779297;;;
10,2730555555556;95,129997253418;;;
10,2908333333333;95,599998474121;;;
10,3083333333333;95,339996337891;;;
10,3261111111111;95,230003356934;;;
10,3436111111111;95,349998474121;;;
10,3613888888889;95,26000213623;;;
10,3788888888889;95,599998474121;;;
10,3966666666667;95,800003051758;;;
10,4141666666667;95,459999084473;;;
10,4319444444444;95,779998779297;;;
10,4494444444444;95,629997253418;;;
10,4672222222222;95,129997253418;;;
10,4847222222222;95,360000610352;;;
10,5025;94,910003662109;;;
10,52;95,190002441406;;;
10,5377777777778;95,5;;;
10,5552777777778;95,139999389648;;;
10,5719444444444;95,110000610352;;;
10,5897222222222;95,25;;;
10,6075;95,879997253418;;;
10,625;94,959999084473;;;
10,6427777777778;94,910003662109;;;
10,6602777777778;95,120002746582;;;
10,6780555555556;95,569999694824;;;
10,6955555555556;95,319999694824;;;
10,7133333333333;95,569999694824;;;
10,7308333333333;94,819999694824;;;
10,7486111111111;95,720001220703;;;
10,7661111111111;94,819999694824;;;
10,7838888888889;95,230003356934;;;
10,8013888888889;95,48999786377;;;
10,8191666666667;95,290000915527;;;
10,8366666666667;95,129997253418;;;
10,8533333333333;95,5;;;
10,87;95,48999786377;;;
10,8877777777778;95,180000305176;;;
10,9052777777778;95,279998779297;;;
10,9230555555556;95,110000610352;;;
10,9405555555556;95,099998474121;;;
10,9583333333333;95,040000915527;;;
10,9758333333333;95,660003662109;;;
10,9936111111111;94,879997253418;;;
11,0113888888889;94,819999694824;;;
11,0288888888889;95,040000915527;;;
11,0466666666667;95,029998779297;;;
11,0641666666667;94,650001525879;;;
11,0819444444444;94,639999389648;;;
11,0994444444444;94,550003051758;;;
11,1172222222222;95,089996337891;;;
11,1347222222222;95,040000915527;;;
11,1525;94,790000915527;;;
11,17;94,440002441406;;;
11,1877777777778;94,230003356934;;;
11,2052777777778;94,269996643066;;;
11,2230555555556;94,26000213623;;;
11,2405555555556;94,26000213623;;;
11,2583333333333;94,860000610352;;;
11,2758333333333;94,879997253418;;;
11,2936111111111;95,120002746582;;;
11,3111111111111;94,699996948242;;;
11,3288888888889;94,029998779297;;;
11,3463888888889;94,440002441406;;;
11,3630555555556;94,76000213623;;;
11,3808333333333;94,190002441406;;;
11,3986111111111;94,830001831055;;;
11,4161111111111;94,400001525879;;;
11,4338888888889;94,169998168945;;;
11,4513888888889;93,779998779297;;;
11,4691666666667;93,48999786377;;;
11,4866666666667;94,540000915527;;;
11,5044444444444;94,120002746582;;;
11,5219444444444;94,25;;;
11,5397222222222;93,569999694824;;;
11,5572222222222;94,419998168945;;;
11,575;93,779998779297;;;
11,5925;93,809997558594;;;
11,6102777777778;93,769996643066;;;
11,6277777777778;93,809997558594;;;
11,6455555555556;93,790000915527;;;
11,6630555555556;93,550003051758;;;
11,6808333333333;93,709999084473;;;
11,6986111111111;93,910003662109;;;
11,7161111111111;93,830001831055;;;
11,7338888888889;93,220001220703;;;
11,7513888888889;93,809997558594;;;
11,7691666666667;93,5;;;
11,7866666666667;93,599998474121;;;
11,8044444444444;93,639999389648;;;
11,8219444444444;93,300003051758;;;
11,8397222222222;93,5;;;
11,8572222222222;93,470001220703;;;
11,875;93,51000213623;;;
11,8925;93,059997558594;;;
11,9102777777778;93,129997253418;;;
11,9277777777778;93,26000213623;;;
11,9455555555556;93,440002441406;;;
11,9630555555556;92,870002746582;;;
11,9808333333333;92,029998779297;;;
11,9983333333333;92;;;
12,0161111111111;92,290000915527;;;
12,0336111111111;92;;;
12,0513888888889;92,110000610352;;;
12,0691666666667;91,809997558594;;;
12,0866666666667;91,879997253418;;;
12,1044444444444;91,73999786377;;;
12,1219444444444;92,110000610352;;;
12,1397222222222;92;;;
12,1572222222222;92,080001831055;;;
12,175;92,150001525879;;;
12,1925;92,050003051758;;;
12,2102777777778;91,819999694824;;;
12,2277777777778;91,910003662109;;;
12,2455555555556;92,019996643066;;;
12,2630555555556;91,819999694824;;;
12,2808333333333;91,690002441406;;;
12,2983333333333;92,419998168945;;;
12,3161111111111;92,339996337891;;;
12,3336111111111;91,650001525879;;;
12,3513888888889;92;;;
12,3688888888889;91,889999389648;;;
12,3866666666667;91,900001525879;;;
12,4044444444444;91,809997558594;;;
12,4219444444444;92,349998474121;;;
12,4397222222222;91,349998474121;;;
12,4572222222222;92,029998779297;;;
12,475;91,599998474121;;;
12,4925;91,580001831055;;;
12,5102777777778;91,610000610352;;;
12,5277777777778;91,25;;;
12,5455555555556;91,23999786377;;;
12,5630555555556;91,050003051758;;;
12,5808333333333;91;;;
12,5983333333333;91,470001220703;;;
12,6161111111111;91,199996948242;;;
12,6336111111111;91;;;
12,6513888888889;90,860000610352;;;
12,6688888888889;90,660003662109;;;
12,6866666666667;91,129997253418;;;
12,7033333333333;91,040000915527;;;
12,72;91,160003662109;;;
12,7375;90,75;;;
12,7552777777778;90,819999694824;;;
12,7730555555556;90,620002746582;;;
12,7905555555556;90,900001525879;;;
12,8083333333333;90,680000305176;;;
12,8258333333333;90,620002746582;;;
12,8436111111111;91,069999694824;;;
12,8611111111111;90,76000213623;;;
12,8788888888889;90,400001525879;;;
12,8963888888889;90,279998779297;;;
12,9141666666667;90,519996643066;;;
12,9316666666667;90,430000305176;;;
12,9494444444444;89,889999389648;;;
12,9669444444444;90,76000213623;;;
12,9847222222222;90,580001831055;;;
13,0022222222222;90,190002441406;;;
13,02;90,879997253418;;;
13,0375;90,389999389648;;;
13,0552777777778;90,730003356934;;;
13,0730555555556;90,059997558594;;;
13,0905555555556;90,089996337891;;;
13,1083333333333;90,51000213623;;;
13,1258333333333;90,349998474121;;;
13,1436111111111;90,080001831055;;;
13,1611111111111;90,419998168945;;;
13,1788888888889;90,230003356934;;;
13,1963888888889;90,449996948242;;;
13,2141666666667;90,23999786377;;;
13,2316666666667;90,059997558594;;;
13,2494444444444;90,419998168945;;;
13,2669444444444;90,309997558594;;;
13,2847222222222;91,440002441406;;;
13,3022222222222;91,309997558594;;;
13,32;90,930000305176;;;
13,3375;90,680000305176;;;
13,3552777777778;91,029998779297;;;
13,3719444444444;90,949996948242;;;
13,3894444444444;91,029998779297;;;
13,4072222222222;91,309997558594;;;
13,4247222222222;90,900001525879;;;
13,4425;91,129997253418;;;
13,4602777777778;91,459999084473;;;
13,4777777777778;91,400001525879;;;
13,4955555555556;91,860000610352;;;
13,5130555555556;92,180000305176;;;
13,5308333333333;92,290000915527;;;
13,5483333333333;92,519996643066;;;
13,5661111111111;92,639999389648;;;
13,5836111111111;92,959999084473;;;
13,6013888888889;93,209999084473;;;
13,6188888888889;93,180000305176;;;
13,6366666666667;93,48999786377;;;
13,6541666666667;93,819999694824;;;
13,6719444444444;93,599998474121;;;
13,6894444444444;93,519996643066;;;
13,7072222222222;93,430000305176;;;
13,7247222222222;93,949996948242;;;
13,7425;93,930000305176;;;
13,76;93,75;;;
13,7777777777778;93,980003356934;;;
13,7952777777778;94,26000213623;;;
13,8130555555556;93,610000610352;;;
13,8308333333333;93,940002441406;;;
13,8483333333333;94,129997253418;;;
13,8661111111111;93,830001831055;;;
13,8836111111111;94,139999389648;;;
13,9013888888889;93,849998474121;;;
13,9188888888889;93,690002441406;;;
13,9366666666667;94,209999084473;;;
13,9541666666667;94;;;
13,9719444444444;93,779998779297;;;
13,9894444444444;93,879997253418;;;
14,0072222222222;93,940002441406;;;
14,0247222222222;93,779998779297;;;
14,0425;93,790000915527;;;
14,06;93,660003662109;;;
14,0777777777778;93,690002441406;;;
14,0952777777778;93,879997253418;;;
14,1130555555556;93,779998779297;;;
14,1297222222222;93,779998779297;;;
14,1472222222222;93,319999694824;;;
14,165;93,76000213623;;;
14,1827777777778;93,879997253418;;;
14,2002777777778;93,699996948242;;;
14,2180555555556;93,940002441406;;;
14,2355555555556;94,089996337891;;;
14,2533333333333;93,830001831055;;;
14,2708333333333;94,139999389648;;;
14,2886111111111;93,800003051758;;;
14,3061111111111;94,269996643066;;;
14,3238888888889;93,449996948242;;;
14,3413888888889;93,629997253418;;;
14,3591666666667;93,900001525879;;;
14,3766666666667;93,550003051758;;;
14,3944444444444;93,790000915527;;;
14,4119444444444;93,76000213623;;;
14,4297222222222;93,889999389648;;;
14,4472222222222;93,870002746582;;;
14,465;94;;;
14,4825;94,050003051758;;;
14,5002777777778;93,940002441406;;;
14,5177777777778;93,730003356934;;;
14,5355555555556;93,339996337891;;;
14,5533333333333;94,120002746582;;;
14,5708333333333;94,040000915527;;;
14,5886111111111;94,169998168945;;;
14,6061111111111;94,019996643066;;;
14,6238888888889;94,23999786377;;;
14,6413888888889;94,019996643066;;;
14,6591666666667;93,870002746582;;;
14,6766666666667;94,51000213623;;;
14,6944444444444;93,76000213623;;;
14,7119444444444;93,809997558594;;;
14,7297222222222;94,449996948242;;;
14,7472222222222;94,339996337891;;;
14,765;94,169998168945;;;
14,7825;94,029998779297;;;
14,8002777777778;94,23999786377;;;
14,8177777777778;94,059997558594;;;
14,8355555555556;94,180000305176;;;
14,8530555555556;93,699996948242;;;
14,8708333333333;94,440002441406;;;
14,8883333333333;94,150001525879;;;
14,9061111111111;94,01000213623;;;
14,9236111111111;94,370002746582;;;
14,9413888888889;94,26000213623;;;
14,9591666666667;94,550003051758;;;
14,9766666666667;93,790000915527;;;
14,9944444444444;94,040000915527;;;
15,0119444444444;94,290000915527;;;
15,0297222222222;94,629997253418;;;
15,0472222222222;94,389999389648;;;
15,065;94,51000213623;;;
15,0825;94,059997558594;;;
15,1002777777778;94,419998168945;;;
15,1177777777778;94,5;;;
15,1355555555556;94,720001220703;;;
15,1530555555556;94,51000213623;;;
15,1708333333333;94,339996337891;;;
15,1883333333333;94,389999389648;;;
15,2061111111111;94,370002746582;;;
15,2236111111111;94,269996643066;;;
15,2413888888889;94,379997253418;;;
15,2588888888889;94,410003662109;;;
15,2766666666667;94,269996643066;;;
15,2941666666667;94,580001831055;;;
15,3119444444444;94,370002746582;;;
15,3297222222222;94,370002746582;;;
15,3472222222222;94,430000305176;;;
15,365;94,639999389648;;;
15,3825;94,680000305176;;;
15,4002777777778;93,980003356934;;;
15,4177777777778;94,169998168945;;;
15,4355555555556;94,150001525879;;;
15,4530555555556;94,230003356934;;;
15,4708333333333;94,599998474121;;;
15,4883333333333;94,110000610352;;;
15,5061111111111;93,959999084473;;;
15,5236111111111;94,48999786377;;;
15,5413888888889;94,410003662109;;;
15,5588888888889;94,550003051758;;;
15,5766666666667;94,300003051758;;;
15,5941666666667;94,160003662109;;;
15,6119444444444;94,669998168945;;;
15,6294444444444;94,559997558594;;;
15,6472222222222;94,400001525879;;;
15,665;94,690002441406;;;
15,6825;94,650001525879;;;
15,7002777777778;94,690002441406;;;
15,7169444444444;94,930000305176;;;
15,7336111111111;94,660003662109;;;
15,7502777777778;95,139999389648;;;
15,7677777777778;94,400001525879;;;
15,7855555555556;94,75;;;
15,8030555555556;94,389999389648;;;
15,8208333333333;94,870002746582;;;
15,8383333333333;94,709999084473;;;
15,8561111111111;94,5;;;
15,8736111111111;94,680000305176;;;
15,8913888888889;94,410003662109;;;
15,9088888888889;94,779998779297;;;
15,9266666666667;94,779998779297;;;
15,9441666666667;94,76000213623;;;
15,9619444444444;94,550003051758;;;
15,9794444444444;94,569999694824;;;
15,9972222222222;94,370002746582;;;
16,0147222222222;94,769996643066;;;
16,0325;94,389999389648;;;
16,05;94,769996643066;;;
16,0677777777778;94,519996643066;;;
16,0855555555556;94,349998474121;;;
16,1030555555556;94,529998779297;;;
16,1208333333333;94,459999084473;;;
16,1383333333333;94,839996337891;;;
16,1561111111111;94,730003356934;;;
16,1736111111111;94,779998779297;;;
16,1913888888889;94,349998474121;;;
16,2088888888889;94,660003662109;;;
16,2255555555556;94,690002441406;;;
16,2433333333333;94,389999389648;;;
16,2608333333333;94,529998779297;;;
16,2786111111111;94,879997253418;;;
16,2961111111111;94,839996337891;;;
16,3138888888889;94,599998474121;;;
16,3313888888889;94,709999084473;;;
16,3491666666667;94,580001831055;;;
16,3666666666667;94,470001220703;;;
16,3844444444444;94,75;;;
16,4022222222222;94,690002441406;;;
16,4197222222222;94,779998779297;;;
16,4375;94,699996948242;;;
16,455;94,519996643066;;;
16,4727777777778;94,76000213623;;;
16,4902777777778;94,769996643066;;;
16,5080555555556;94,330001831055;;;
16,5255555555556;94,919998168945;;;
16,5433333333333;94,5;;;
16,5608333333333;94,550003051758;;;
16,5786111111111;94,529998779297;;;
16,5961111111111;93,970001220703;;;
16,6138888888889;94,01000213623;;;
16,6313888888889;94,360000610352;;;
16,6491666666667;94,550003051758;;;
16,6666666666667;94,529998779297;;;
16,6844444444444;94,75;;;
16,7019444444444;94,480003356934;;;
16,7197222222222;94,5;;;
16,7375;94,230003356934;;;
16,755;94,639999389648;;;
16,7727777777778;94,319999694824;;;
16,7894444444444;94,970001220703;;;
16,8061111111111;94,050003051758;;;
16,8236111111111;94,199996948242;;;
16,8413888888889;93,680000305176;;;
16,8588888888889;94,139999389648;;;
16,8766666666667;94,230003356934;;;
16,8941666666667;94,069999694824;;;
16,9108333333333;93,699996948242;;;
16,9286111111111;93,800003051758;;;
16,9461111111111;94,069999694824;;;
16,9638888888889;94,019996643066;;;
16,9813888888889;94,110000610352;;;
16,9991666666667;94,120002746582;;;
17,0166666666667;94,040000915527;;;
17,0344444444444;94,51000213623;;;
17,0519444444444;94,300003051758;;;
17,0697222222222;94,26000213623;;;
17,0872222222222;94,529998779297;;;
17,105;94,660003662109;;;
17,1227777777778;94,199996948242;;;
17,1402777777778;93,849998474121;;;
17,1580555555556;93,519996643066;;;
17,1755555555556;93,809997558594;;;
17,1933333333333;94,349998474121;;;
17,2108333333333;93,690002441406;;;
17,2286111111111;94,209999084473;;;
17,2461111111111;93,089996337891;;;
17,2638888888889;93,629997253418;;;
17,2813888888889;93,709999084473;;;
17,2991666666667;93,949996948242;;;
17,3166666666667;93,919998168945;;;
17,3344444444444;93,779998779297;;;
17,3519444444444;94,400001525879;;;
17,3697222222222;94,160003662109;;;
17,3863888888889;94,5;;;
17,4038888888889;94,550003051758;;;
17,4216666666667;94,040000915527;;;
17,4391666666667;94,309997558594;;;
17,4569444444444;93,419998168945;;;
17,4744444444444;93,610000610352;;;
17,4922222222222;93,73999786377;;;
17,51;93,699996948242;;;
17,5275;93,839996337891;;;
17,5452777777778;94,069999694824;;;
17,5627777777778;94,019996643066;;;
17,5805555555556;94,230003356934;;;
17,5980555555556;94,279998779297;;;
17,6158333333333;94,680000305176;;;
17,6325;94,279998779297;;;
17,65;94,51000213623;;;
17,6677777777778;94,410003662109;;;
17,6852777777778;94,650001525879;;;
17,7030555555556;94,199996948242;;;
17,7205555555556;94,150001525879;;;
17,7383333333333;94,470001220703;;;
17,7558333333333;94,169998168945;;;
17,7736111111111;93,610000610352;;;
17,7902777777778;93,730003356934;;;
17,8069444444444;93,660003662109;;;
17,8244444444444;93,73999786377;;;
17,8422222222222;94,190002441406;;;
17,8597222222222;94,389999389648;;;
17,8775;94,040000915527;;;
17,8952777777778;93,900001525879;;;
17,9127777777778;94,26000213623;;;
17,9305555555556;94,080001831055;;;
17,9480555555556;92,709999084473;;;
17,9658333333333;94,089996337891;;;
17,9833333333333;93,970001220703;;;
18,0011111111111;94,029998779297;;;
18,0186111111111;94,220001220703;;;
18,0352777777778;94,839996337891;;;
18,0519444444444;94,26000213623;;;
18,0686111111111;94,370002746582;;;
18,0863888888889;94,040000915527;;;
18,1038888888889;93,059997558594;;;
18,1216666666667;93,449996948242;;;
18,1391666666667;94,01000213623;;;
18,1569444444444;93,540000915527;;;
18,1744444444444;93,51000213623;;;
18,1922222222222;93,730003356934;;;
18,2097222222222;94,319999694824;;;
18,2275;94,099998474121;;;
18,245;93,769996643066;;;
18,2627777777778;94,25;;;
18,2805555555556;94,169998168945;;;
18,2980555555556;93,699996948242;;;
18,3158333333333;93,519996643066;;;
18,3333333333333;93,430000305176;;;
18,3511111111111;93,75;;;
18,3686111111111;93,349998474121;;;
18,3863888888889;93,76000213623;;;
18,4038888888889;93,779998779297;;;
18,4216666666667;92,720001220703;;;
18,4391666666667;93,169998168945;;;
18,4569444444444;93,019996643066;;;
18,4744444444444;93,019996643066;;;
18,4922222222222;93,540000915527;;;
18,5088888888889;93,470001220703;;;
18,5255555555556;93,51000213623;;;
18,5430555555556;93,25;;;
18,5608333333333;93,76000213623;;;
18,5783333333333;93,48999786377;;;
18,595;93,440002441406;;;
18,6127777777778;93,339996337891;;;
18,6302777777778;92,410003662109;;;
18,6480555555556;93,069999694824;;;
18,6658333333333;92,980003356934;;;
18,6833333333333;93,290000915527;;;
18,7011111111111;93,48999786377;;;
18,7186111111111;93,25;;;
18,7363888888889;92,669998168945;;;
18,7538888888889;92,220001220703;;;
18,7716666666667;92,949996948242;;;
18,7883333333333;92,769996643066;;;
18,805;92,160003662109;;;
18,8216666666667;92,680000305176;;;
18,8391666666667;92,690002441406;;;
18,8569444444444;92,660003662109;;;
18,8744444444444;92,470001220703;;;
18,8922222222222;93;;;
18,9097222222222;93,01000213623;;;
18,9263888888889;92,519996643066;;;
18,9441666666667;92,160003662109;;;
18,9616666666667;92,339996337891;;;
18,9794444444444;91,930000305176;;;
18,9969444444444;92,300003051758;;;
19,0136111111111;92,430000305176;;;
19,0313888888889;92,360000610352;;;
19,0488888888889;92,419998168945;;;
19,0666666666667;92,709999084473;;;
19,0844444444444;92,709999084473;;;
19,1019444444444;92,75;;;
19,1197222222222;92,709999084473;;;
19,1372222222222;92,419998168945;;;
19,155;92,889999389648;;;
19,1725;92,059997558594;;;
19,1891666666667;92,400001525879;;;
19,2069444444444;93,050003051758;;;
19,2244444444444;93,26000213623;;;
19,2422222222222;93,129997253418;;;
19,2597222222222;92,360000610352;;;
19,2775;93,099998474121;;;
19,295;92,709999084473;;;
19,3127777777778;92,110000610352;;;
19,3294444444444;91,629997253418;;;
19,3469444444444;91,529998779297;;;
19,3647222222222;92,529998779297;;;
19,3822222222222;92,080001831055;;;
19,4;92,480003356934;;;
19,4175;92,129997253418;;;
19,4352777777778;92,26000213623;;;
19,4519444444444;92,370002746582;;;
19,4694444444444;92,449996948242;;;
19,4872222222222;92,76000213623;;;
19,505;92,800003051758;;;
19,5225;93,019996643066;;;
19,5402777777778;92,610000610352;;;
19,5577777777778;93,190002441406;;;
19,5755555555556;92,629997253418;;;
19,5930555555556;93,199996948242;;;
19,6108333333333;93,319999694824;;;
19,6283333333333;92,319999694824;;;
19,6461111111111;92;;;
19,6636111111111;92,379997253418;;;
19,6813888888889;92,5;;;
19,6988888888889;92,480003356934;;;
19,7166666666667;92,639999389648;;;
19,7341666666667;92,410003662109;;;
19,7519444444444;92,040000915527;;;
19,7694444444444;91,730003356934;;;
19,7861111111111;92,339996337891;;;
19,8027777777778;91,940002441406;;;
19,8194444444444;92,300003051758;;;
19,8372222222222;91,730003356934;;;
19,8547222222222;91,279998779297;;;
19,8725;91,610000610352;;;
19,89;91,5;;;
19,9077777777778;91,300003051758;;;
19,9255555555556;91,410003662109;;;
19,9430555555556;90,809997558594;;;
19,9608333333333;91,25;;;
19,9783333333333;91,75;;;
19,9961111111111;92,269996643066;;;
20,0136111111111;92,209999084473;;;
20,0313888888889;92,550003051758;;;
20,0488888888889;91,870002746582;;;
20,0666666666667;92,680000305176;;;
20,0841666666667;91,819999694824;;;
20,1019444444444;91,269996643066;;;
20,1194444444444;91,190002441406;;;
20,1361111111111;91,319999694824;;;
20,1527777777778;91,169998168945;;;
20,1705555555556;90,620002746582;;;
20,1880555555556;90,23999786377;;;
20,2058333333333;90,480003356934;;;
20,2233333333333;91,330001831055;;;
20,2411111111111;91,459999084473;;;
20,2586111111111;91,809997558594;;;
20,2763888888889;91,370002746582;;;
20,2938888888889;91,319999694824;;;
20,3116666666667;91,569999694824;;;
20,3294444444444;91,430000305176;;;
20,3469444444444;91,059997558594;;;
20,3647222222222;90,480003356934;;;
20,3822222222222;91,440002441406;;;
20,4;91,430000305176;;;
20,4175;91,680000305176;;;
20,4352777777778;91,790000915527;;;
20,4527777777778;92,069999694824;;;
20,4705555555556;92,059997558594;;;
20,4880555555556;91,639999389648;;;
20,5058333333333;91,839996337891;;;
20,5233333333333;91,690002441406;;;
20,5411111111111;91,860000610352;;;
20,5586111111111;90,709999084473;;;
20,5763888888889;89,370002746582;;;
20,5938888888889;87,650001525879;;;
20,6116666666667;89,180000305176;;;
20,6291666666667;90,73999786377;;;
20,6469444444444;91,319999694824;;;
20,6647222222222;91;;;
20,6822222222222;91,330001831055;;;
20,7;91,680000305176;;;
20,7175;91,290000915527;;;
20,7352777777778;91,879997253418;;;
20,7527777777778;91,440002441406;;;
20,7705555555556;91,029998779297;;;
20,7880555555556;90,73999786377;;;
20,8058333333333;91,540000915527;;;
20,8233333333333;91,919998168945;;;
20,8411111111111;91,569999694824;;;
20,8586111111111;90,550003051758;;;
20,8763888888889;90,279998779297;;;
20,8938888888889;91,23999786377;;;
20,9116666666667;90,080001831055;;;
20,9291666666667;91,160003662109;;;
20,9469444444444;91,559997558594;;;
20,9644444444444;91,809997558594;;;
20,9822222222222;90,940002441406;;;
20,9997222222222;91,160003662109;;;
21,0175;91,580001831055;;;
21,0352777777778;91,25;;;
21,0527777777778;91,389999389648;;;
21,0705555555556;91,580001831055;;;
21,0880555555556;91,139999389648;;;
21,1058333333333;90,919998168945;;;
21,1233333333333;90,360000610352;;;
21,1411111111111;90,949996948242;;;
21,1586111111111;90,300003051758;;;
21,1763888888889;89,690002441406;;;
21,1938888888889;89,169998168945;;;
21,2116666666667;89,339996337891;;;
21,2291666666667;88,319999694824;;;
21,2469444444444;87,730003356934;;;
21,2644444444444;87,580001831055;;;
21,2822222222222;87,080001831055;;;
21,2997222222222;87,040000915527;;;
21,3175;87,300003051758;;;
21,335;87,870002746582;;;
21,3527777777778;87,459999084473;;;
21,3705555555556;87,209999084473;;;
21,3880555555556;86,699996948242;;;
21,4058333333333;87,330001831055;;;
21,4233333333333;86,690002441406;;;
21,4411111111111;87,379997253418;;;
21,4586111111111;88,48999786377;;;
21,4763888888889;88,650001525879;;;
21,4938888888889;88,75;;;
21,5116666666667;87,809997558594;;;
21,5291666666667;87,040000915527;;;
21,5469444444444;87,180000305176;;;
21,5644444444444;86,089996337891;;;
21,5822222222222;85,120002746582;;;
21,5997222222222;85,319999694824;;;
21,6175;84,529998779297;;;
21,635;86,139999389648;;;
21,6527777777778;89,269996643066;;;
21,6702777777778;90,629997253418;;;
21,6880555555556;90,949996948242;;;
21,7058333333333;90,519996643066;;;
21,7233333333333;89,709999084473;;;
21,7411111111111;90,550003051758;;;
21,7586111111111;90,98999786377;;;
21,7763888888889;90,75;;;
21,7938888888889;90,730003356934;;;
21,8116666666667;90,389999389648;;;
21,8291666666667;90,639999389648;;;
21,8469444444444;90,370002746582;;;
21,8644444444444;89,919998168945;;;
21,8822222222222;90,660003662109;;;
21,8997222222222;90,76000213623;;;
21,9175;90,690002441406;;;
21,935;90,900001525879;;;
21,9527777777778;91,410003662109;;;
21,9702777777778;91,199996948242;;;
21,9880555555556;91,069999694824;;;
22,0055555555556;90,839996337891;;;
22,0233333333333;89,75;;;
22,0408333333333;89,040000915527;;;
22,0586111111111;89,169998168945;;;
22,0763888888889;89,089996337891;;;
22,0938888888889;89,110000610352;;;
22,1116666666667;88,599998474121;;;
22,1291666666667;88,330001831055;;;
22,1469444444444;88,470001220703;;;
22,1644444444444;88,220001220703;;;
22,1822222222222;87,309997558594;;;
22,1997222222222;85,910003662109;;;
22,2175;85,690002441406;;;
22,235;85,720001220703;;;
22,2527777777778;86,660003662109;;;
22,2702777777778;86,699996948242;;;
22,2880555555556;86,559997558594;;;
22,3047222222222;86,589996337891;;;
22,3213888888889;86,75;;;
22,3388888888889;86,019996643066;;;
22,3566666666667;86,050003051758;;;
22,3741666666667;86,459999084473;;;
22,3919444444444;86,910003662109;;;
22,4097222222222;86,419998168945;;;
22,4272222222222;86,690002441406;;;
22,445;86,23999786377;;;
22,4625;85,919998168945;;;
22,4802777777778;85,01000213623;;;
22,4977777777778;84,48999786377;;;
22,5155555555556;83,160003662109;;;
22,5330555555556;83,080001831055;;;
22,5508333333333;82,720001220703;;;
22,5683333333333;83,110000610352;;;
22,5861111111111;82,800003051758;;;
22,6036111111111;83,220001220703;;;
22,6213888888889;83,699996948242;;;
22,6388888888889;84,290000915527;;;
22,6566666666667;85,389999389648;;;
22,6741666666667;88,610000610352;;;
22,6919444444444;91,319999694824;;;
22,7094444444444;92,089996337891;;;
22,7261111111111;92,019996643066;;;
22,7427777777778;92,680000305176;;;
22,7605555555556;92,849998474121;;;
22,7780555555556;91,800003051758;;;
22,7958333333333;91,300003051758;;;
22,8136111111111;91,660003662109;;;
22,8311111111111;92,169998168945;;;
22,8488888888889;92,099998474121;;;
22,8663888888889;92,279998779297;;;
22,8841666666667;92,389999389648;;;
22,9016666666667;91,449996948242;;;
22,9194444444444;91,180000305176;;;
22,9369444444444;91,5;;;
22,9547222222222;92,019996643066;;;
22,9722222222222;92,569999694824;;;
22,99;92,440002441406;;;
23,0075;91,300003051758;;;
23,0252777777778;91,069999694824;;;
23,0427777777778;91,580001831055;;;
23,0605555555556;91,580001831055;;;
23,0772222222222;91,349998474121;;;
23,0947222222222;91,669998168945;;;
23,1125;91,449996948242;;;
23,1302777777778;90,75;;;
23,1477777777778;90,580001831055;;;
23,1655555555556;91,059997558594;;;
23,1830555555556;91,480003356934;;;
23,2008333333333;91,050003051758;;;
23,2183333333333;90,779998779297;;;
23,2361111111111;90,470001220703;;;
23,2536111111111;91,169998168945;;;
23,2713888888889;90,680000305176;;;
23,2888888888889;90,959999084473;;;
23,3066666666667;91,300003051758;;;
23,3241666666667;90,540000915527;;;
23,3419444444444;90,480003356934;;;
23,3594444444444;90,889999389648;;;
23,3772222222222;90,449996948242;;;
23,3947222222222;90,279998779297;;;
23,4125;90,730003356934;;;
23,43;90,779998779297;;;
23,4477777777778;90,290000915527;;;
23,4655555555556;90,699996948242;;;
23,4830555555556;90,449996948242;;;
23,5008333333333;90,720001220703;;;
23,5183333333333;90,889999389648;;;
23,5361111111111;90,360000610352;;;
23,5536111111111;90,360000610352;;;
23,5713888888889;89,699996948242;;;
23,5888888888889;90,25;;;
23,6066666666667;90,419998168945;;;
23,6241666666667;90,029998779297;;;
23,6419444444444;90,459999084473;;;
23,6594444444444;89,519996643066;;;
23,6772222222222;90,050003051758;;;
23,6947222222222;89,910003662109;;;
23,7125;90,379997253418;;;
23,73;90,470001220703;;;
23,7477777777778;90,459999084473;;;
23,7655555555556;90,949996948242;;;
23,7830555555556;90,699996948242;;;
23,8008333333333;89,75;;;
23,8183333333333;89,559997558594;;;
23,8361111111111;90,23999786377;;;
23,8536111111111;90,360000610352;;;
23,8713888888889;90;;;
23,8888888888889;90,120002746582;;;
23,9066666666667;89,690002441406;;;
23,9241666666667;89,699996948242;;;
23,9419444444444;89,800003051758;;;
23,9594444444444;89,790000915527;;;
23,9772222222222;90,160003662109;;;
23,9947222222222;90,129997253418;;;
24,0125;89,720001220703;;;
24,03;89,480003356934;;;
24,0477777777778;89,690002441406;;;
24,0652777777778;89,690002441406;;;
24,0819444444444;89,5;;;
24,1191666666667;88,48999786377;;;
24,1358333333333;89,26000213623;;;
24,14;88,480003356934;;;
24,1566666666667;88,480003356934;;;
24,1608333333333;88,550003051758;;;
24,165;88,449996948242;;;
24,1691666666667;88,599998474121;;;
24,1733333333333;88,370002746582;;;
24,1775;88,290000915527;;;
24,1816666666667;88,589996337891;;;
24,1858333333333;88,330001831055;;;
24,19;89,330001831055;;;
24,1941666666667;89,110000610352;;;
24,1983333333333;89,120002746582;;;
24,2025;89,349998474121;;;
24,2066666666667;89,290000915527;;;
24,2233333333333;89,169998168945;;;
24,24;88,76000213623;;;
24,2566666666667;88,669998168945;;;
24,2733333333333;87,809997558594;;;
24,29;87,360000610352;;;
24,3066666666667;88,110000610352;;;
24,3233333333333;88,050003051758;;;
24,34;88,480003356934;;;
24,3566666666667;88,26000213623;;;
24,3733333333333;86,650001525879;;;
24,39;86,540000915527;;;
24,4066666666667;86,160003662109;;;
24,4233333333333;85,620002746582;;;
24,44;86,330001831055;;;
24,4566666666667;86,889999389648;;;
24,4733333333333;86,029998779297;;;
24,49;85,650001525879;;;
24,5066666666667;85,25;;;
24,5233333333333;86,050003051758;;;
24,54;86,389999389648;;;
24,5566666666667;86,330001831055;;;
24,5733333333333;85,900001525879;;;
24,59;85,110000610352;;;
24,6066666666667;85,180000305176;;;
24,6233333333333;84,629997253418;;;
24,64;85,139999389648;;;
24,6566666666667;85,949996948242;;;
24,6733333333333;85,73999786377;;;
24,69;84,519996643066;;;
24,7066666666667;84,309997558594;;;
24,7233333333333;83,190002441406;;;
24,74;84,089996337891;;;
24,7566666666667;82,220001220703;;;
24,7733333333333;83,019996643066;;;
24,79;83,540000915527;;;
24,8066666666667;81,809997558594;;;
24,8233333333333;79,839996337891;;;
24,84;79,889999389648;;;
24,8566666666667;80,209999084473;;;
24,8733333333333;79,690002441406;;;
24,89;79,029998779297;;;
24,9066666666667;77,98999786377;;;
24,9233333333333;76,839996337891;;;
24,94;76,620002746582;;;
24,9566666666667;76,639999389648;;;
24,9733333333333;76,720001220703;;;
24,99;76,690002441406;;;
25,0066666666667;76,389999389648;;;
25,0233333333333;75,400001525879;;;
25,04;77,019996643066;;;
25,0566666666667;78,400001525879;;;
25,0733333333333;79,040000915527;;;
25,09;80,559997558594;;;
25,1066666666667;80,800003051758;;;
25,1233333333333;79,919998168945;;;
25,14;78,459999084473;;;
25,1566666666667;77,790000915527;;;
25,1733333333333;77,639999389648;;;
25,19;76,629997253418;;;
25,2066666666667;77,779998779297;;;
25,2233333333333;78,599998474121;;;
25,24;77,269996643066;;;
25,2566666666667;76,98999786377;;;
25,2733333333333;76,819999694824;;;
25,29;75,569999694824;;;
25,3066666666667;75,830001831055;;;
25,3233333333333;74,98999786377;;;
25,34;74,75;;;
25,3566666666667;74,559997558594;;;
25,3733333333333;74,23999786377;;;
25,39;75,73999786377;;;
25,4066666666667;75,440002441406;;;
25,4233333333333;75,680000305176;;;
25,44;74,330001831055;;;
25,4566666666667;74,269996643066;;;
25,4733333333333;73,669998168945;;;
25,49;73,580001831055;;;
25,5066666666667;73,910003662109;;;
25,5233333333333;74,599998474121;;;
25,54;74,459999084473;;;
25,5566666666667;74,459999084473;;;
25,5733333333333;73,199996948242;;;
25,59;73,919998168945;;;
25,6066666666667;73,690002441406;;;
25,6233333333333;72,900001525879;;;
25,64;73,209999084473;;;
25,6566666666667;73,540000915527;;;
25,6733333333333;72,51000213623;;;
25,69;73,650001525879;;;
25,7066666666667;75,690002441406;;;
25,7233333333333;77,190002441406;;;
25,74;76,870002746582;;;
25,7566666666667;77,449996948242;;;
25,7733333333333;76,849998474121;;;
25,79;75,449996948242;;;
25,8066666666667;75,98999786377;;;
25,8233333333333;75,769996643066;;;
25,84;76,449996948242;;;
25,8566666666667;74,970001220703;;;
25,8733333333333;73,610000610352;;;
25,89;72,930000305176;;;
25,9066666666667;72,389999389648;;;
25,9233333333333;72;;;
25,94;72,160003662109;;;
25,9566666666667;72,040000915527;;;
25,9733333333333;72,069999694824;;;
25,99;71,559997558594;;;
26,0066666666667;70,919998168945;;;
26,0233333333333;71,139999389648;;;
26,04;70,580001831055;;;
26,0566666666667;70,559997558594;;;
26,0733333333333;69,720001220703;;;
26,09;68,660003662109;;;
26,1066666666667;66,019996643066;;;
26,1233333333333;65,290000915527;;;
26,14;64,839996337891;;;
26,1566666666667;64,599998474121;;;
26,1733333333333;65,01000213623;;;
26,19;65,330001831055;;;
26,2066666666667;63,139999389648;;;
26,2233333333333;62,040000915527;;;
26,24;62,380001068115;;;
26,2566666666667;63,599998474121;;;
26,2733333333333;65,419998168945;;;
26,29;67,569999694824;;;
26,3066666666667;67,769996643066;;;
26,3233333333333;69,410003662109;;;
26,34;68,430000305176;;;
26,3566666666667;67,879997253418;;;
26,3733333333333;69,330001831055;;;
26,39;69,040000915527;;;
26,4066666666667;69,199996948242;;;
26,4233333333333;67,75;;;
26,44;65,940002441406;;;
26,4566666666667;65,889999389648;;;
26,4733333333333;66,809997558594;;;
26,49;66,069999694824;;;
26,5066666666667;65,300003051758;;;
26,5233333333333;65,480003356934;;;
26,54;62,330001831055;;;
26,5566666666667;63,290000915527;;;
26,5733333333333;63,060001373291;;;
26,59;61,279998779297;;;
26,6066666666667;61,950000762939;;;
26,6233333333333;61,669998168945;;;
26,64;60,240001678467;;;
26,6566666666667;59,369998931885;;;
26,6733333333333;60,930000305176;;;
26,69;63,580001831055;;;
26,7066666666667;64,949996948242;;;
26,7233333333333;66,430000305176;;;
26,74;66,080001831055;;;
26,7566666666667;65,319999694824;;;
26,7733333333333;65,769996643066;;;
26,79;64,349998474121;;;
26,8066666666667;64,610000610352;;;
26,8233333333333;64,610000610352;;;
26,84;64,849998474121;;;
26,8566666666667;63,930000305176;;;
26,8733333333333;62,130001068115;;;
26,89;60,470001220703;;;
26,9066666666667;61,319999694824;;;
26,9233333333333;62,400001525879;;;
26,94;63,889999389648;;;
26,9566666666667;62,580001831055;;;
26,9733333333333;62,680000305176;;;
26,99;60,299999237061;;;
27,0066666666667;59,830001831055;;;
27,0233333333333;57,630001068115;;;
27,04;56,849998474121;;;
27,0566666666667;55,959999084473;;;
27,0733333333333;54,430000305176;;;
27,09;54,5;;;
27,1066666666667;55,709999084473;;;
27,1233333333333;52,139999389648;;;
27,14;53,020000457764;;;
27,1566666666667;54,599998474121;;;
27,1733333333333;50,700000762939;;;
27,19;50,520000457764;;;
27,2066666666667;49,099998474121;;;
27,2233333333333;49,689998626709;;;
27,24;49,299999237061;;;
27,2566666666667;50,400001525879;;;
27,2733333333333;50,549999237061;;;
27,29;50,590000152588;;;
27,3066666666667;52,349998474121;;;
27,3233333333333;53,299999237061;;;
27,34;53,119998931885;;;
27,3566666666667;53,959999084473;;;
27,3733333333333;54,779998779297;;;
27,39;53,159999847412;;;
27,4066666666667;53,860000610352;;;
27,4233333333333;53,650001525879;;;
27,44;54,279998779297;;;
27,4566666666667;55,049999237061;;;
27,4733333333333;57,889999389648;;;
27,49;56,119998931885;;;
27,5066666666667;57,259998321533;;;
27,5233333333333;54,680000305176;;;
27,54;55,479999542236;;;
27,5566666666667;55,330001831055;;;
27,5733333333333;55,709999084473;;;
27,59;54,959999084473;;;
27,6066666666667;56,880001068115;;;
27,6233333333333;55,830001831055;;;
27,64;57,330001831055;;;
27,6566666666667;55,610000610352;;;
27,6733333333333;55,409999847412;;;
27,69;57,279998779297;;;
27,7066666666667;55,930000305176;;;
27,7233333333333;55,889999389648;;;
27,74;56,950000762939;;;
27,7566666666667;56,220001220703;;;
27,7733333333333;59,290000915527;;;
27,79;58,290000915527;;;
27,8066666666667;59,669998168945;;;
27,8233333333333;58,180000305176;;;
27,84;57,130001068115;;;
27,8566666666667;56,639999389648;;;
27,8733333333333;57,639999389648;;;
27,89;58,919998168945;;;
27,9066666666667;58,479999542236;;;
27,9233333333333;57,810001373291;;;
27,94;59,5;;;
27,9566666666667;58,740001678467;;;
27,9733333333333;58,680000305176;;;
27,99;59,709999084473;;;
28,0066666666667;59,479999542236;;;
28,0233333333333;59,259998321533;;;
28,04;59,419998168945;;;
28,0566666666667;61,830001831055;;;
28,0733333333333;61,110000610352;;;
28,09;60,610000610352;;;
28,1066666666667;59,659999847412;;;
28,1233333333333;59,490001678467;;;
28,14;57,900001525879;;;
28,1566666666667;57,569999694824;;;
28,1733333333333;57,240001678467;;;
28,19;57,880001068115;;;
28,2066666666667;59,560001373291;;;
28,2233333333333;59,950000762939;;;
28,24;59,069999694824;;;
28,2566666666667;57,610000610352;;;
28,2733333333333;58,369998931885;;;
28,29;58,419998168945;;;
28,3066666666667;57,869998931885;;;
28,3233333333333;58,740001678467;;;
28,34;58,119998931885;;;
28,3566666666667;56,819999694824;;;
28,3733333333333;57,639999389648;;;
28,39;56,020000457764;;;
28,4066666666667;55,25;;;
28,4233333333333;55,450000762939;;;
28,44;54,119998931885;;;
28,4566666666667;50,169998168945;;;
28,4733333333333;50,619998931885;;;
28,49;48,319999694824;;;
28,5066666666667;48,470001220703;;;
28,5233333333333;47,759998321533;;;
28,54;44,75;;;
28,5566666666667;43,580001831055;;;
28,5733333333333;40;;;
28,59;37,930000305176;;;
28,6066666666667;35,270000457764;;;
28,6233333333333;33,729999542236;;;
28,6461111111111;32,259998321533;;;
28,6566666666667;33,819999694824;;;
28,6733333333333;34,970001220703;;;
28,69;34,069999694824;;;
28,7066666666667;30,879999160767;;;
28,7233333333333;29,139999389648;;;
28,74;28,579999923706;;;
28,7566666666667;26,569999694824;;;
28,7733333333333;26,280000686646;;;
28,79;23,670000076294;;;
28,8066666666667;20,239999771118;;;
28,8233333333333;15,239999771118;;;
28,84;13,789999961853;;;
28,8566666666667;14,609999656677;;;
28,8733333333333;12,590000152588;;;
28,89;11,479999542236;;;
28,9066666666667;7,099999904633;;;
28,9233333333333;4,719999790192;;;
28,94;4;;;
28,9566666666667;3,619999885559;;;
28,9733333333333;3,019999980927;;;
28,99;2,650000095367;;;
29,0066666666667;3,569999933243;;;
29,0233333333333;3,30999994278;;;
29,04;1,710000038147;;;
29,0566666666667;1,840000033379;;;
29,0733333333333;0,649999976158;;;
29,09;0;;;
29,1066666666667;0;;;
29,1233333333333;0;;;
29,14;0;;;
29,1566666666667;0;;;
29,1733333333333;0;;;
29,19;0;;;
29,2066666666667;0;;;
29,2233333333333;0;;;
29,24;0;;;
29,2566666666667;0;;;
29,2733333333333;0;;;
29,29;0;;;
29,3066666666667;0;;;
29,3233333333333;0;;;
29,34;0;;;
29,3566666666667;0;;;
29,3733333333333;0;;;
29,39;0;;;
29,4066666666667;0;;;
29,4233333333333;0;;;
29,44;0;;;
29,4566666666667;0;;;
29,4733333333333;0;;;
29,49;0;;;
29,5066666666667;0;;;
29,5233333333333;0;;;
29,54;0;;;
29,5566666666667;0;;;
29,5733333333333;0;;;
29,59;0;;;
29,6066666666667;0;;;
29,6233333333333;0;;;
29,64;0;;;
29,6566666666667;0;;;
29,6733333333333;0;;;
29,69;0;;;
29,7066666666667;0;;;
29,7233333333333;0;;;
29,74;0;;;
29,7566666666667;0;;;
29,7733333333333;0;;;
29,79;0;;;
29,8066666666667;0;;;
29,8233333333333;0;;;
29,84;0;;;
29,8566666666667;0;;;
29,8733333333333;0;;;
29,89;0;;;
29,9066666666667;0;;;
29,9233333333333;0;;;
29,94;0;;;
29,9566666666667;0;;;
29,9733333333333;0;;;
29,99;0;;;
30,0066666666667;0;;;
30,0233333333333;0;;;
30,04;0;;;
30,0566666666667;0;;;
30,0733333333333;0;;;
30,09;0;;;
30,1066666666667;0;;;
30,1233333333333;0;;;
30,14;0;;;
30,1566666666667;0;;;
30,1733333333333;0;;;
30,19;0;;;
30,2066666666667;0;;;
30,2233333333333;0;;;
30,24;0;;;
30,2566666666667;0;;;
30,2733333333333;0;;;
30,29;0;;;
30,3066666666667;0;;;
30,3233333333333;0;;;
30,34;0;;;
30,3566666666667;0;;;
30,3733333333333;0;;;
30,39;0;;;
30,4066666666667;0;;;
30,4233333333333;0;;;
30,44;0;;;
30,4566666666667;0;;;
30,4733333333333;0;;;
30,49;0;;;
30,5066666666667;0;;;
30,5233333333333;0;;;
30,54;0;;;
30,5566666666667;0;;;
30,5733333333333;0;;;
30,59;0;;;
30,6066666666667;0;;;
30,6233333333333;0;;;
30,64;0;;;
30,6566666666667;0;;;
30,6733333333333;0;;;
30,69;0;;;
30,7066666666667;0;;;
30,7233333333333;0;;;
30,74;0;;;
30,7566666666667;0;;;
30,7733333333333;0;;;
30,79;0;;;
30,8066666666667;0;;;
30,8233333333333;0;;;
30,84;0;;;
30,8566666666667;0;;;
30,8733333333333;0;;;
30,89;0;;;
30,9066666666667;0;;;
30,9233333333333;0;;;
30,94;0;;;
30,9566666666667;0;;;
30,9733333333333;0;;;
30,99;0;;;
31,0066666666667;0;;;
31,0233333333333;0;;;
31,04;0;;;
31,0566666666667;0;;;
31,0733333333333;0;;;
31,09;0;;;
31,1066666666667;0;;;
31,1233333333333;0;;;
31,14;0;;;
31,1566666666667;0;;;
31,1733333333333;0;;;
31,19;0;;;
31,2066666666667;0;;;
31,2233333333333;0;;;
31,24;0;;;
31,2566666666667;0;;;
31,2733333333333;0;;;
31,29;0;;;
31,3066666666667;0;;;
31,3233333333333;0;;;
31,34;0;;;
31,3566666666667;0;;;
31,3733333333333;0;;;
31,39;0;;;
31,4066666666667;0;;;
31,4233333333333;0;;;
31,44;0;;;
31,4566666666667;0;;;
31,4733333333333;0;;;
31,49;0;;;
31,5066666666667;0;;;
31,5233333333333;0;;;
31,54;0;;;
31,5566666666667;0;;;
31,5733333333333;0;;;
31,59;0;;;
31,6066666666667;0;;;
31,6233333333333;0;;;
31,64;0;;;
31,6566666666667;0;;;
31,6733333333333;0;;;
31,69;0;;;
31,7066666666667;0;;;
31,7233333333333;0;;;
31,74;0;;;
31,7566666666667;0;;;
31,7733333333333;0;;;
31,79;0;;;
31,8066666666667;0;;;
31,8233333333333;0;;;
31,84;0;;;
31,8566666666667;0;;;
31,8733333333333;0;;;
31,89;0;;;
31,9066666666667;0;;;
31,9233333333333;0;;;
31,94;0;;;
31,9566666666667;0,52999997139;;;
31,9733333333333;3,269999980927;;;
31,99;8,670000076294;;;
32,0066666666667;18,510000228882;;;
32,0233333333333;26,739999771118;;;
32,04;32,220001220703;;;
32,0566666666667;35,919998168945;;;
32,0733333333333;42,229999542236;;;
32,09;46,540000915527;;;
32,1066666666667;51,810001373291;;;
32,1233333333333;55,590000152588;;;
32,14;59,919998168945;;;
32,1566666666667;61,099998474121;;;
32,1733333333333;63,659999847412;;;
32,19;65,080001831055;;;
32,2066666666667;67,330001831055;;;
32,2233333333333;68,75;;;
32,24;66,959999084473;;;
32,2566666666667;65,160003662109;;;
32,2733333333333;63,569999694824;;;
32,29;65,300003051758;;;
32,3066666666667;66,419998168945;;;
32,3233333333333;67,889999389648;;;
32,34;66,190002441406;;;
32,3566666666667;63,25;;;
32,3733333333333;62,25;;;
32,39;61,439998626709;;;
32,4066666666667;61,270000457764;;;
32,4233333333333;61,360000610352;;;
32,44;61,990001678467;;;
32,4566666666667;60,700000762939;;;
32,4733333333333;56,220001220703;;;
32,49;53,919998168945;;;
32,5066666666667;49,779998779297;;;
32,5233333333333;46,430000305176;;;
32,54;45,189998626709;;;
32,5566666666667;42,880001068115;;;
32,5733333333333;41,150001525879;;;
32,59;39,540000915527;;;
32,6066666666667;36,770000457764;;;
32,6233333333333;34,909999847412;;;
32,64;34,700000762939;;;
32,6566666666667;34,599998474121;;;
32,6733333333333;34,270000457764;;;
32,69;31,579999923706;;;
32,7066666666667;29,690000534058;;;
32,7233333333333;29,120000839233;;;
32,74;28,079999923706;;;
32,7566666666667;27,450000762939;;;
32,7733333333333;24,680000305176;;;
32,79;21,620000839233;;;
32,8066666666667;18,729999542236;;;
32,8233333333333;17,659999847412;;;
32,84;20,299999237061;;;
32,8566666666667;21,709999084473;;;
32,8733333333333;21,719999313354;;;
32,89;21,659999847412;;;
32,9066666666667;19,10000038147;;;
32,9233333333333;15,39999961853;;;
32,94;12,840000152588;;;
32,9566666666667;11,539999961853;;;
32,9733333333333;11,260000228882;;;
32,99;9,630000114441;;;
33,0066666666667;6,719999790192;;;
33,0233333333333;3,339999914169;;;
33,04;1,110000014305;;;
33,0566666666667;0,879999995232;;;
33,0733333333333;0,189999997616;;;
33,09;1,659999966621;;;
33,1066666666667;0,689999997616;;;
33,1233333333333;0;;;
33,14;0;;;
33,1566666666667;0,519999980927;;;
33,1733333333333;1,350000023842;;;
33,19;1,47000002861;;;
33,2066666666667;0,670000016689;;;
33,2233333333333;0;;;
33,24;5,760000228882;;;
33,2566666666667;12,810000419617;;;
33,2733333333333;23,690000534058;;;
33,29;32,259998321533;;;
33,3066666666667;38,150001525879;;;
33,3233333333333;41,220001220703;;;
33,34;38,650001525879;;;
33,3566666666667;34,009998321533;;;
33,3733333333333;30,670000076294;;;
33,39;27,049999237061;;;
33,4066666666667;25,370000839233;;;
33,4233333333333;22,420000076294;;;
33,44;19,75;;;
33,4566666666667;16,219999313354;;;
33,4733333333333;12,260000228882;;;
33,49;9,020000457764;;;
33,5066666666667;6,480000019073;;;
33,5233333333333;5,550000190735;;;
33,54;2,589999914169;;;
33,5566666666667;0,959999978542;;;
33,5733333333333;0,050000000745;;;
33,59;0;;;
33,6066666666667;0;;;
33,6233333333333;0;;;
33,64;0,419999986887;;;
33,6566666666667;0,34999999404;;;
33,6733333333333;0;;;
33,69;0;;;
33,7066666666667;0;;;
33,7233333333333;0;;;
33,74;0,589999973774;;;
33,7566666666667;0,40000000596;;;
33,7733333333333;0;;;
33,79;0;;;
33,8066666666667;0;;;
33,8233333333333;0;;;
33,84;0;;;
33,8566666666667;0,540000021458;;;
33,8733333333333;2,579999923706;;;
33,89;0;;;
33,9066666666667;0;;;
33,9233333333333;0;;;
33,94;0;;;
33,9566666666667;0;;;
33,9733333333333;0;;;
33,99;0;;;
34,0066666666667;0;;;
34,0233333333333;0;;;
34,04;0;;;
34,0566666666667;0;;;
34,0733333333333;0;;;
34,09;0;;;
34,1066666666667;0;;;
34,1233333333333;1,899999976158;;;
34,14;1,450000047684;;;
34,1566666666667;0,620000004768;;;
34,1733333333333;0;;;
34,19;0,059999998659;;;
34,2066666666667;0;;;
34,2233333333333;0;;;
34,24;0;;;
34,2566666666667;0;;;
34,2733333333333;0;;;
34,29;0;;;
34,3066666666667;0;;;
34,3233333333333;0;;;
34,34;0;;;
34,3566666666667;0;;;
34,3733333333333;0;;;
34,39;0;;;
34,4066666666667;0;;;
34,4233333333333;0;;;
34,44;0;;;
34,4566666666667;0;;;
34,4733333333333;0;;;
34,49;0;;;
34,5066666666667;0;;;
34,5233333333333;0;;;
34,54;0;;;
34,5566666666667;0;;;
34,5733333333333;0;;;
34,59;0;;;
34,6066666666667;0;;;
34,6233333333333;0;;;
34,64;0;;;
34,6566666666667;0;;;
34,6733333333333;0;;;
34,69;0;;;
34,7066666666667;0;;;
34,7233333333333;0;;;
34,74;0;;;
34,7566666666667;0;;;
34,7733333333333;0;;;
34,79;0;;;
34,8066666666667;0;;;
34,8233333333333;0,280000001192;;;
34,84;0;;;
34,8566666666667;0;;;
34,8733333333333;0;;;
34,89;0;;;
34,9066666666667;0;;;
34,9233333333333;0;;;
34,94;0;;;
34,9566666666667;0;;;
34,9733333333333;0;;;
34,99;0;;;
35,0066666666667;0,280000001192;;;
35,0233333333333;0;;;
35,04;0;;;
35,0566666666667;0;;;
35,0733333333333;0;;;
35,09;0;;;
35,1066666666667;0;;;
35,1233333333333;0;;;
35,14;0;;;
35,1566666666667;0;;;
35,1733333333333;0;;;
35,19;0;;;
35,2066666666667;0;;;
35,2233333333333;0;;;
35,24;0;;;
35,2566666666667;0;;;
35,2733333333333;0;;;
35,29;0;;;
35,3066666666667;0;;;
35,3233333333333;0;;;
35,34;0;;;
35,3566666666667;0;;;
35,3733333333333;0;;;
35,39;0;;;
35,4066666666667;0;;;
35,4233333333333;0;;;
35,44;0,839999973774;;;
35,4566666666667;0,079999998212;;;
35,4733333333333;0;;;
35,49;0;;;
35,5066666666667;0;;;
35,5233333333333;0;;;
35,54;0;;;
35,5566666666667;0;;;
35,5733333333333;0;;;
35,59;0;;;
35,6066666666667;0;;;
35,6233333333333;0;;;
35,64;0;;;
35,6566666666667;0;;;
35,6733333333333;0;;;
35,69;0;;;
35,7066666666667;0;;;
35,7233333333333;0;;;
35,74;0;;;
35,7566666666667;0;;;
35,7733333333333;0;;;
35,79;0;;;
35,8066666666667;0,090000003576;;;
35,8233333333333;0;;;
35,84;0;;;
35,8566666666667;0;;;
35,8733333333333;0;;;
35,89;0;;;
35,9066666666667;0;;;
35,9233333333333;0;;;
35,94;0;;;
35,9566666666667;0;;;
35,9733333333333;0;;;
35,99;0;;;
36,0066666666667;0;;;
36,0233333333333;0,370000004768;;;
36,04;0;;;
36,0566666666667;0;;;
36,0733333333333;0;;;
36,09;0;;;
36,1066666666667;0;;;
36,1233333333333;0;;;
36,14;0;;;
36,1566666666667;0;;;
36,1733333333333;0;;;
36,19;0;;;
36,2066666666667;0;;;
36,2233333333333;0,219999998808;;;
36,24;0;;;
36,2566666666667;0;;;
36,2733333333333;0;;;
36,29;0;;;
36,3066666666667;0;;;
36,3233333333333;0;;;
36,34;0;;;
36,3566666666667;0;;;
36,3733333333333;0;;;
36,39;0;;;
36,4066666666667;0;;;
36,4233333333333;0;;;
36,44;0;;;
36,4566666666667;0;;;
36,4733333333333;0;;;
36,49;0;;;
36,5066666666667;0;;;
36,5233333333333;0;;;
36,54;0;;;
36,5566666666667;0;;;
36,5733333333333;0;;;
36,59;0;;;
36,6066666666667;0;;;
36,6233333333333;0;;;
36,64;0,449999988079;;;
36,6566666666667;1,549999952316;;;
36,6733333333333;0;;;
36,69;0;;;
36,7066666666667;0;;;
36,7233333333333;0,889999985695;;;
36,74;0,389999985695;;;
36,7566666666667;0;;;
36,7733333333333;0;;;
36,79;0;;;
36,8066666666667;0;;;
36,8233333333333;0,689999997616;;;
36,84;2,289999961853;;;
36,8566666666667;5,699999809265;;;
36,8733333333333;5,920000076294;;;
36,89;7,599999904633;;;
36,9066666666667;5,039999961853;;;
36,9233333333333;3,869999885559;;;
36,94;4,170000076294;;;
36,9566666666667;4,530000209808;;;
36,9733333333333;9,35000038147;;;
36,99;8,260000228882;;;
37,0066666666667;7,539999961853;;;
37,0233333333333;7,400000095367;;;
37,04;7,219999790192;;;
37,0566666666667;9,869999885559;;;
37,0733333333333;10,409999847412;;;
37,09;11,960000038147;;;
37,1066666666667;9,609999656677;;;
37,1233333333333;8,699999809265;;;
37,14;8,050000190735;;;
37,1566666666667;10,550000190735;;;
37,1733333333333;11,39999961853;;;
37,19;10,909999847412;;;
37,2066666666667;13,710000038147;;;
37,2233333333333;15,489999771118;;;
37,24;11,359999656677;;;
37,2566666666667;11,579999923706;;;
37,2733333333333;13,369999885559;;;
37,29;12,260000228882;;;
37,3066666666667;12,680000305176;;;
37,3233333333333;13,380000114441;;;
37,34;11,979999542236;;;
37,3566666666667;11,140000343323;;;
37,3733333333333;10,590000152588;;;
37,39;11,789999961853;;;
37,4066666666667;14,550000190735;;;
37,4233333333333;13,289999961853;;;
37,44;11,210000038147;;;
37,4566666666667;13,979999542236;;;
37,4733333333333;13,60000038147;;;
37,49;11,109999656677;;;
37,5066666666667;11,590000152588;;;
37,5233333333333;11,300000190735;;;
37,54;15,130000114441;;;
37,5566666666667;13,520000457764;;;
37,5733333333333;9,380000114441;;;
37,59;10,569999694824;;;
37,6066666666667;8,539999961853;;;
37,6233333333333;11,050000190735;;;
37,64;10,699999809265;;;
37,6566666666667;9,689999580383;;;
37,6733333333333;11,010000228882;;;
37,69;11,289999961853;;;
37,7066666666667;10,739999771118;;;
37,7233333333333;10,920000076294;;;
37,74;11,420000076294;;;
37,7566666666667;13,319999694824;;;
37,7733333333333;12,050000190735;;;
37,79;11,390000343323;;;
37,8066666666667;14,789999961853;;;
37,8233333333333;13,569999694824;;;
37,84;14,689999580383;;;
37,8566666666667;16,260000228882;;;
37,8733333333333;14,560000419617;;;
37,89;13,119999885559;;;
37,9066666666667;13,420000076294;;;
37,9233333333333;12,560000419617;;;
37,94;15,130000114441;;;
37,9566666666667;15,10000038147;;;
37,9733333333333;16,270000457764;;;
37,99;13,840000152588;;;
38,0066666666667;14,229999542236;;;
38,0233333333333;15,159999847412;;;
38,04;13,229999542236;;;
38,0566666666667;14,520000457764;;;
38,0733333333333;14,260000228882;;;
38,09;14,090000152588;;;
38,1066666666667;14,89999961853;;;
38,1233333333333;13,64999961853;;;
38,14;15,939999580383;;;
38,1566666666667;14,170000076294;;;
38,1733333333333;15,239999771118;;;
38,19;14,300000190735;;;
38,2066666666667;13,140000343323;;;
38,2233333333333;12,949999809265;;;
38,24;14,199999809265;;;
38,2566666666667;12,840000152588;;;
38,2733333333333;13,960000038147;;;
38,29;12,479999542236;;;
38,3066666666667;12,239999771118;;;
38,3233333333333;13,359999656677;;;
38,34;13,060000419617;;;
38,3566666666667;13,670000076294;;;
38,3733333333333;14,5;;;
38,39;13,439999580383;;;
38,4066666666667;12,119999885559;;;
38,4233333333333;14,5;;;
38,44;13,5;;;
38,4566666666667;14,079999923706;;;
38,4733333333333;14,529999732971;;;
38,49;14,659999847412;;;
38,5066666666667;14,449999809265;;;
38,5233333333333;14,260000228882;;;
38,54;14,520000457764;;;
38,5566666666667;14,869999885559;;;
38,5733333333333;13,39999961853;;;
38,59;13,64999961853;;;
38,6066666666667;13,39999961853;;;
38,6233333333333;13,460000038147;;;
38,64;13,069999694824;;;
38,6566666666667;12,60000038147;;;
38,6733333333333;13,229999542236;;;
38,69;11,390000343323;;;
38,7066666666667;14,130000114441;;;
38,7233333333333;14,569999694824;;;
38,74;14,640000343323;;;
38,7566666666667;16,670000076294;;;
38,7733333333333;14,539999961853;;;
38,79;12,670000076294;;;
38,8066666666667;16,14999961853;;;
38,8233333333333;16,340000152588;;;
38,84;15,64999961853;;;
38,8566666666667;12,819999694824;;;
38,8733333333333;13,630000114441;;;
38,89;11,35000038147;;;
38,9066666666667;11,289999961853;;;
38,9233333333333;9,420000076294;;;
38,94;13,39999961853;;;
38,9566666666667;12,819999694824;;;
38,9733333333333;14,829999923706;;;
38,99;12,909999847412;;;
39,0066666666667;12,579999923706;;;
39,0233333333333;13,010000228882;;;
39,04;12,25;;;
39,0566666666667;9,170000076294;;;
39,0733333333333;9,329999923706;;;
39,09;10,479999542236;;;
39,1066666666667;8,010000228882;;;
39,1233333333333;7,400000095367;;;
39,14;6,889999866486;;;
39,1566666666667;9,680000305176;;;
39,1733333333333;8,119999885559;;;
39,19;5,949999809265;;;
39,2066666666667;8,369999885559;;;
39,2233333333333;6,400000095367;;;
39,24;6,909999847412;;;
39,2566666666667;5,219999790192;;;
39,2733333333333;5,519999980927;;;
39,29;3,150000095367;;;
39,3066666666667;5,179999828339;;;
39,3233333333333;4,280000209808;;;
39,34;3,859999895096;;;
39,3566666666667;5,409999847412;;;
39,3733333333333;5;;;
39,39;4,179999828339;;;
39,4066666666667;4,19000005722;;;
39,4233333333333;5,969999790192;;;
39,44;3,079999923706;;;
39,4566666666667;2,539999961853;;;
39,4733333333333;3,930000066757;;;
39,49;6,070000171661;;;
39,5066666666667;7,630000114441;;;
39,5233333333333;7,909999847412;;;
39,54;7,30999994278;;;
39,5566666666667;5,949999809265;;;
39,5733333333333;3,569999933243;;;
39,5902777777778;6,150000095367;;;
39,6066666666667;4,630000114441;;;
39,6233333333333;2,25;;;
39,64;5,599999904633;;;
39,6566666666667;4,599999904633;;;
39,6733333333333;4,360000133514;;;
39,69;6,429999828339;;;
39,7066666666667;6,389999866486;;;
39,7233333333333;3,329999923706;;;
39,74;4,360000133514;;;
39,7566666666667;3,049999952316;;;
39,7733333333333;2,140000104904;;;
39,79;0,699999988079;;;
39,8066666666667;2,109999895096;;;
39,8233333333333;4,070000171661;;;
39,84;4,590000152588;;;
39,8566666666667;5,760000228882;;;
39,8733333333333;5,44000005722;;;
39,89;5,550000190735;;;
39,9066666666667;6,170000076294;;;
39,9233333333333;4,420000076294;;;
39,94;5,409999847412;;;
39,9566666666667;7,579999923706;;;
39,9733333333333;10,050000190735;;;
39,99;7,099999904633;;;
40,0066666666667;5,079999923706;;;
40,0233333333333;4,630000114441;;;
40,04;1,97000002861;;;
40,0566666666667;2,490000009537;;;
40,0733333333333;3,769999980927;;;
40,09;2,920000076294;;;
40,1066666666667;3,349999904633;;;
40,1233333333333;2,960000038147;;;
40,14;3,490000009537;;;
40,1566666666667;3,900000095367;;;
40,1733333333333;4,159999847412;;;
40,19;3,400000095367;;;
40,2066666666667;3,880000114441;;;
40,2233333333333;45,669998168945;;;
40,24;66,860000610352;;;
40,2566666666667;77,360000610352;;;
40,2733333333333;81,069999694824;;;
40,29;81,629997253418;;;
40,3066666666667;83,639999389648;;;
40,3233333333333;83,699996948242;;;
40,34;83,690002441406;;;
40,3566666666667;85,110000610352;;;
40,3733333333333;84,819999694824;;;
40,39;85,209999084473;;;
40,4066666666667;84,529998779297;;;
40,4233333333333;84,01000213623;;;
40,44;83,839996337891;;;
40,4566666666667;84,389999389648;;;
40,4733333333333;83,690002441406;;;
40,49;83,449996948242;;;
40,5066666666667;82,98999786377;;;
40,5233333333333;81,870002746582;;;
40,54;83,01000213623;;;
40,5566666666667;81,849998474121;;;
40,5733333333333;82,809997558594;;;
40,59;83,550003051758;;;
40,6066666666667;82,930000305176;;;
40,6233333333333;82,209999084473;;;
40,64;82,959999084473;;;
40,6566666666667;83,029998779297;;;
40,6733333333333;83,059997558594;;;
40,69;84,059997558594;;;
40,7066666666667;83,389999389648;;;
40,7233333333333;83,430000305176;;;
40,74;82,779998779297;;;
40,7566666666667;82,180000305176;;;
40,7733333333333;84,580001831055;;;
40,79;82,110000610352;;;
40,8066666666667;83,419998168945;;;
40,8233333333333;82,459999084473;;;
40,84;82,769996643066;;;
40,8566666666667;83,459999084473;;;
40,8733333333333;83,190002441406;;;
40,89;82,129997253418;;;
40,9066666666667;81,98999786377;;;
40,9233333333333;81,959999084473;;;
40,94;83,160003662109;;;
40,9566666666667;82,139999389648;;;
40,9733333333333;80,809997558594;;;
40,99;81,419998168945;;;
41,0066666666667;82,25;;;
41,0233333333333;82,940002441406;;;
41,04;82,550003051758;;;
41,0566666666667;82,180000305176;;;
41,0733333333333;81,879997253418;;;
41,09;81,25;;;
41,1066666666667;79,730003356934;;;
41,1233333333333;81,769996643066;;;
41,14;79,870002746582;;;
41,1566666666667;80,550003051758;;;
41,1733333333333;80,680000305176;;;
41,19;81,769996643066;;;
41,2066666666667;81,330001831055;;;
41,2233333333333;81,73999786377;;;
41,24;82,779998779297;;;
41,2566666666667;80,080001831055;;;
41,2733333333333;80,529998779297;;;
41,29;79,5;;;
41,3066666666667;80,26000213623;;;
41,3233333333333;81,51000213623;;;
41,34;82,910003662109;;;
41,3566666666667;81,699996948242;;;
41,3733333333333;81,839996337891;;;
41,39;81,23999786377;;;
41,4066666666667;79,480003356934;;;
41,4233333333333;80,029998779297;;;
41,44;81,069999694824;;;
41,4566666666667;79,449996948242;;;
41,4733333333333;81,290000915527;;;
41,49;81,230003356934;;;
41,5066666666667;81,230003356934;;;
41,5233333333333;80,699996948242;;;
41,54;80,349998474121;;;
41,5566666666667;79,5;;;
41,5733333333333;80,269996643066;;;
41,59;78,75;;;
41,6066666666667;78,910003662109;;;
41,6233333333333;80,419998168945;;;
41,64;81,5;;;
41,6566666666667;80,430000305176;;;
41,6733333333333;79,720001220703;;;
41,69;78,650001525879;;;
41,7066666666667;79,360000610352;;;
41,7233333333333;78,569999694824;;;
41,74;80,110000610352;;;
41,7566666666667;79,98999786377;;;
41,7733333333333;78,48999786377;;;
41,79;79,699996948242;;;
41,8066666666667;78,980003356934;;;
41,8233333333333;77,73999786377;;;
41,84;75,150001525879;;;
41,8566666666667;76,769996643066;;;
41,8733333333333;76,580001831055;;;
41,89;75,839996337891;;;
41,9066666666667;76,129997253418;;;
41,9233333333333;75,889999389648;;;
41,94;76,830001831055;;;
41,9566666666667;75,98999786377;;;
41,9733333333333;77,699996948242;;;
41,99;76,790000915527;;;
42,0066666666667;77,660003662109;;;
42,0233333333333;78,839996337891;;;
42,04;76,910003662109;;;
42,0566666666667;79,069999694824;;;
42,0733333333333;79,370002746582;;;
42,09;77,830001831055;;;
42,1066666666667;76;;;
42,1233333333333;76,519996643066;;;
42,14;76,620002746582;;;
42,1566666666667;76,550003051758;;;
42,1733333333333;77,699996948242;;;
42,19;77,309997558594;;;
42,2066666666667;76,069999694824;;;
42,2233333333333;74,849998474121;;;
42,24;75,180000305176;;;
42,2566666666667;76,779998779297;;;
42,2733333333333;76,900001525879;;;
42,29;76,73999786377;;;
42,3066666666667;76,540000915527;;;
42,3233333333333;76,129997253418;;;
42,34;74,029998779297;;;
42,3566666666667;73,870002746582;;;
42,3733333333333;75,050003051758;;;
42,39;75,540000915527;;;
42,4066666666667;77,860000610352;;;
42,4233333333333;75,650001525879;;;
42,44;75,610000610352;;;
42,4566666666667;76,160003662109;;;
42,4733333333333;76,26000213623;;;
42,49;74,180000305176;;;
42,5066666666667;77,169998168945;;;
42,5233333333333;75,26000213623;;;
42,54;76,779998779297;;;
42,5566666666667;75,120002746582;;;
42,5733333333333;74,730003356934;;;
42,59;75,169998168945;;;
42,6066666666667;76,930000305176;;;
42,6233333333333;76,800003051758;;;
42,64;76,860000610352;;;
42,6566666666667;74,690002441406;;;
42,6733333333333;74,139999389648;;;
42,69;75,319999694824;;;
42,7066666666667;76,230003356934;;;
42,7233333333333;73,959999084473;;;
42,74;75,199996948242;;;
42,7566666666667;75,48999786377;;;
42,7733333333333;73,089996337891;;;
42,79;75,870002746582;;;
42,8066666666667;75,349998474121;;;
42,8233333333333;76,190002441406;;;
42,84;76,419998168945;;;
42,8566666666667;75,870002746582;;;
42,8733333333333;75,120002746582;;;
42,89;75,400001525879;;;
42,9066666666667;75,769996643066;;;
42,9233333333333;74,900001525879;;;
42,94;75,169998168945;;;
42,9566666666667;76,470001220703;;;
42,9733333333333;75;;;
42,99;73,580001831055;;;
43,0066666666667;73,949996948242;;;
43,0233333333333;73,370002746582;;;
43,04;74,430000305176;;;
43,0566666666667;74,620002746582;;;
43,0733333333333;73,849998474121;;;
43,09;73,639999389648;;;
43,1066666666667;72,669998168945;;;
43,1233333333333;73,059997558594;;;
43,14;73,110000610352;;;
43,1566666666667;72,480003356934;;;
43,1733333333333;71,290000915527;;;
43,19;73,879997253418;;;
43,2066666666667;73,040000915527;;;
43,2233333333333;72,959999084473;;;
43,24;71,970001220703;;;
43,2566666666667;71,940002441406;;;
43,2733333333333;72,589996337891;;;
43,29;74,029998779297;;;
43,3066666666667;71,550003051758;;;
43,3233333333333;72,900001525879;;;
43,34;71,099998474121;;;
43,3566666666667;72,089996337891;;;
43,3733333333333;71,919998168945;;;
43,39;72,430000305176;;;
43,4066666666667;73,180000305176;;;
43,4233333333333;72,180000305176;;;
43,44;71,540000915527;;;
43,4566666666667;70,220001220703;;;
43,4733333333333;71,900001525879;;;
43,49;72,180000305176;;;
43,5066666666667;73,089996337891;;;
43,5233333333333;73,470001220703;;;
43,54;72,620002746582;;;
43,5566666666667;73,110000610352;;;
43,5733333333333;73,199996948242;;;
43,59;73,379997253418;;;
43,6066666666667;74,349998474121;;;
43,6233333333333;74,26000213623;;;
43,64;73,169998168945;;;
43,6566666666667;75,269996643066;;;
43,6733333333333;71,449996948242;;;
43,69;71,230003356934;;;
43,7066666666667;71,910003662109;;;
43,7233333333333;70,930000305176;;;
43,74;71,290000915527;;;
43,7566666666667;68,690002441406;;;
43,7733333333333;68,169998168945;;;
43,79;66,669998168945;;;
43,8066666666667;66,099998474121;;;
43,8233333333333;65,080001831055;;;
43,84;63,220001220703;;;
43,8566666666667;64,089996337891;;;
43,8733333333333;61,819999694824;;;
43,89;58,180000305176;;;
43,9066666666667;55,790000915527;;;
43,9233333333333;55,709999084473;;;
43,94;52,840000152588;;;
43,9566666666667;48,580001831055;;;
43,9733333333333;43,5;;;
43,99;40,459999084473;;;
44,0066666666667;38,319999694824;;;
44,0233333333333;34,389999389648;;;
44,04;33,419998168945;;;
44,0566666666667;31,870000839233;;;
44,0733333333333;30,659999847412;;;
44,09;30,260000228882;;;
44,1066666666667;30,14999961853;;;
44,1233333333333;26,610000610352;;;
44,14;26,799999237061;;;
44,1566666666667;25,639999389648;;;
44,1733333333333;25,030000686646;;;
44,19;26,610000610352;;;
44,2066666666667;29,190000534058;;;
44,2233333333333;27,229999542236;;;
44,24;30,260000228882;;;
44,2566666666667;30,059999465942;;;
44,2733333333333;29,729999542236;;;
44,29;28,129999160767;;;
44,3066666666667;29,25;;;
44,3233333333333;29,170000076294;;;
44,34;29,280000686646;;;
44,3566666666667;30,709999084473;;;
44,3733333333333;29,35000038147;;;
44,39;28,840000152588;;;
44,4066666666667;29,079999923706;;;
44,4233333333333;27,729999542236;;;
44,44;26,870000839233;;;
44,4566666666667;26,309999465942;;;
44,4733333333333;28,610000610352;;;
44,49;28,020000457764;;;
44,5066666666667;25,659999847412;;;
44,5233333333333;22,889999389648;;;
44,54;25,200000762939;;;
44,5566666666667;23,190000534058;;;
44,5733333333333;21,590000152588;;;
44,59;20,430000305176;;;
44,6066666666667;19,469999313354;;;
44,6233333333333;19,60000038147;;;
44,64;20,950000762939;;;
44,6566666666667;16,979999542236;;;
44,6733333333333;14,869999885559;;;
44,69;14,25;;;
44,7066666666667;14,729999542236;;;
44,7233333333333;16,010000228882;;;
44,74;13,520000457764;;;
44,7566666666667;15,020000457764;;;
44,7733333333333;17,200000762939;;;
44,79;14,859999656677;;;
44,8066666666667;13,409999847412;;;
44,8233333333333;13,760000228882;;;
44,84;13,720000267029;;;
44,8566666666667;12,909999847412;;;
44,8733333333333;16,14999961853;;;
44,89;13,239999771118;;;
44,9066666666667;10,210000038147;;;
44,9233333333333;10,920000076294;;;
44,94;14,050000190735;;;
44,9566666666667;15,930000305176;;;
44,9733333333333;13,689999580383;;;
44,99;16,170000076294;;;
45,0066666666667;13,670000076294;;;
45,0233333333333;12,109999656677;;;
45,04;12,029999732971;;;
45,0566666666667;13,369999885559;;;
45,0733333333333;13,369999885559;;;
45,09;12,619999885559;;;
45,1066666666667;14,960000038147;;;
45,1233333333333;11,220000267029;;;
45,14;10,930000305176;;;
45,1566666666667;11,770000457764;;;
45,1733333333333;16,129999160767;;;
45,19;14,880000114441;;;
45,2066666666667;11,710000038147;;;
45,2233333333333;11,859999656677;;;
45,24;11,010000228882;;;
45,2566666666667;13,979999542236;;;
45,2733333333333;13,760000228882;;;
45,29;11,14999961853;;;
45,3066666666667;12,529999732971;;;
45,3233333333333;14,180000305176;;;
45,34;14,779999732971;;;
45,3566666666667;16,200000762939;;;
45,3733333333333;14,329999923706;;;
45,39;13,560000419617;;;
45,4066666666667;13,960000038147;;;
45,4233333333333;12,729999542236;;;
45,44;10,840000152588;;;
45,4566666666667;12,569999694824;;;
45,4733333333333;12,5;;;
45,49;15,539999961853;;;
45,5066666666667;13,25;;;
45,5233333333333;12,739999771118;;;
45,54;14,159999847412;;;
45,5566666666667;15,260000228882;;;
45,5733333333333;14,789999961853;;;
45,59;12,930000305176;;;
45,6066666666667;14,479999542236;;;
45,6233333333333;11,890000343323;;;
45,64;10,710000038147;;;
45,6566666666667;13,859999656677;;;
45,6733333333333;12,270000457764;;;
45,69;13,89999961853;;;
45,7066666666667;14,960000038147;;;
45,7233333333333;11,609999656677;;;
45,74;10,770000457764;;;
45,7566666666667;14;;;
45,7733333333333;15;;;
45,79;15,630000114441;;;
45,8066666666667;13,670000076294;;;
45,8233333333333;14,220000267029;;;
45,84;10,989999771118;;;
45,8566666666667;12,060000419617;;;
45,8733333333333;13,439999580383;;;
45,89;13,279999732971;;;
45,9066666666667;12,029999732971;;;
45,9233333333333;10,829999923706;;;
45,94;10,220000267029;;;
45,9566666666667;11,189999580383;;;
45,9733333333333;12,890000343323;;;
45,99;15,029999732971;;;
46,0066666666667;12,300000190735;;;
46,0233333333333;12,800000190735;;;
46,04;11,369999885559;;;
46,0566666666667;10,050000190735;;;
46,0733333333333;11,840000152588;;;
46,09;12,930000305176;;;
46,1066666666667;14,920000076294;;;
46,1233333333333;11,949999809265;;;
46,14;13,14999961853;;;
46,1566666666667;11,180000305176;;;
46,1733333333333;8,819999694824;;;
46,19;11,909999847412;;;
46,2066666666667;9,909999847412;;;
46,2233333333333;14,539999961853;;;
46,24;14,39999961853;;;
46,2566666666667;12,119999885559;;;
46,2733333333333;11,180000305176;;;
46,29;12,189999580383;;;
46,3066666666667;13,300000190735;;;
46,3233333333333;13,279999732971;;;
46,34;12,829999923706;;;
46,3566666666667;11,420000076294;;;
46,3733333333333;11,039999961853;;;
46,39;10,89999961853;;;
46,4066666666667;10,710000038147;;;
46,4233333333333;10,859999656677;;;
46,44;9,689999580383;;;
46,4566666666667;13,699999809265;;;
46,4733333333333;14,430000305176;;;
46,49;14,539999961853;;;
46,5066666666667;12,460000038147;;;
46,5233333333333;12,140000343323;;;
46,54;10,64999961853;;;
46,5566666666667;9,470000267029;;;
46,5733333333333;9,85000038147;;;
46,59;11,060000419617;;;
46,6066666666667;9,720000267029;;;
46,6233333333333;10,510000228882;;;
46,64;8,939999580383;;;
46,6566666666667;12,409999847412;;;
46,6733333333333;8,520000457764;;;
46,69;11,39999961853;;;
46,7066666666667;8,609999656677;;;
46,7233333333333;10,229999542236;;;
46,74;12,720000267029;;;
46,7566666666667;13,520000457764;;;
46,7733333333333;12,470000267029;;;
46,79;10,420000076294;;;
46,8066666666667;11,939999580383;;;
46,8233333333333;9,770000457764;;;
46,84;7,420000076294;;;
46,8566666666667;13,279999732971;;;
46,8733333333333;14,140000343323;;;
46,89;10;;;
46,9066666666667;8,920000076294;;;
46,9233333333333;10,260000228882;;;
46,94;7,519999980927;;;
46,9566666666667;8,109999656677;;;
46,9733333333333;9,460000038147;;;
46,99;10,5;;;
47,0066666666667;9,390000343323;;;
47,0233333333333;7,599999904633;;;
47,04;11,5;;;
47,0566666666667;11,710000038147;;;
47,0733333333333;9,880000114441;;;
47,09;6,900000095367;;;
47,1066666666667;8,640000343323;;;
47,1233333333333;10,029999732971;;;
47,14;12,729999542236;;;
47,1566666666667;10,890000343323;;;
47,1733333333333;11,409999847412;;;
47,19;15,050000190735;;;
47,2066666666667;17,120000839233;;;
47,2233333333333;15,159999847412;;;
47,24;17,840000152588;;;
47,2566666666667;18,139999389648;;;
47,2733333333333;19,370000839233;;;
47,29;18,780000686646;;;
47,3066666666667;16,610000610352;;;
47,3233333333333;16,620000839233;;;
47,34;19,909999847412;;;
47,3566666666667;22,14999961853;;;
47,3733333333333;21,059999465942;;;
47,39;18,870000839233;;;
47,4066666666667;22,85000038147;;;
47,4233333333333;22,420000076294;;;
47,44;22,969999313354;;;
47,4566666666667;22,440000534058;;;
47,4733333333333;21,620000839233;;;
47,49;20,639999389648;;;
47,5066666666667;21,520000457764;;;
47,5233333333333;19,809999465942;;;
47,54;20;;;
47,5566666666667;20,219999313354;;;
47,5733333333333;19,659999847412;;;
47,59;19,489999771118;;;
47,6066666666667;20,889999389648;;;
47,6233333333333;21,020000457764;;;
47,64;20,590000152588;;;
47,6566666666667;21,739999771118;;;
47,6733333333333;20,770000457764;;;
47,69;20,770000457764;;;
47,7066666666667;19,329999923706;;;
47,7233333333333;20,090000152588;;;
47,74;17,809999465942;;;
47,7566666666667;18,469999313354;;;
47,7733333333333;19,389999389648;;;
47,79;18,64999961853;;;
47,8066666666667;20,280000686646;;;
47,8233333333333;18,950000762939;;;
47,84;20,620000839233;;;
47,8566666666667;18,260000228882;;;
47,8733333333333;16,879999160767;;;
47,89;22,809999465942;;;
47,9066666666667;21,950000762939;;;
47,9233333333333;20,700000762939;;;
47,94;21,770000457764;;;
47,9566666666667;19,569999694824;;;
47,9733333333333;16,549999237061;;;
47,99;18,819999694824;;;
48,0066666666667;17,729999542236;;;
48,0233333333333;19,170000076294;;;
48,04;18,700000762939;;;
48,0566666666667;19,479999542236;;;
48,0733333333333;17,069999694824;;;
48,09;17,459999084473;;;
48,1066666666667;18,840000152588;;;
48,1233333333333;17,379999160767;;;
48,14;18,069999694824;;;
48,1566666666667;16,35000038147;;;
48,1733333333333;15,300000190735;;;

Ethanol_Times;Ethanol;;;
0,180833333333333;14,1062;;;
11,9052777777778;3,50221;;;
15,3711111111111;4,54435;;;
17,8961111111111;1,01354;;;
23,3513888888889;1,01354;;;
26,0022222222222;1,01354;;;
28,5883333333333;1,01354;;;
36,3658333333333;1,01354;;;
41,7791666666667;1,15493;;;
44,4425;1,01354;;;
